0.0199993
0.0199993
0.0199993
0.0199993
0.0199993
0.0199993
0.0199993
0.0199993
0.0199993
0.0199993
0.0199993
0.0199993
0.0199993
0.0199993
0.0199993
0.0199993
0.0199993
0.0199993
0.0199993
0.0199993
0.0199993
0.0199993
0.0199993
0.0199993
0.0199993
0.0199993
0.0199993
0.0199993
0.0199993
0.0199993
0.0199993
0.0199993
0.0199993
0.0199993
0.0199993
0.0199993
0.0199993
0.0199993
0.0199993
0.0199993
0.0199993
0.0199993
0.0199993
0.0199993
0.0199993
0.0199993
0.0199993
0.0199993
0.0199993
0.0199993
0.0199993
0.0199993
0.0199993
0.0199993
0.0199993
0.0199993
0.0199993
0.0199993
0.0199993
0.0199993
0.0199993
0.0199993
0.0199993
0.0199993
0.0199993
0.0199993
0.0199993
0.0499971
0.0503001
0.0506031
0.0509061
0.0512091
0.0515122
0.0518152
0.0521182
0.0524212
0.0527242
0.0530272
0.0533302
0.0536332
0.0539362
0.0542392
0.0545422
0.0548452
0.0551482
0.0554513
0.0557543
0.0560573
0.0563603
0.0566633
0.0569663
0.0572693
0.0575723
0.0578753
0.0581783
0.0584813
0.0587843
0.0590873
0.0593904
0.0596934
0.0799949
0.0802979
0.080601
0.080904
0.081207
0.08151
0.081813
0.082116
0.082419
0.082722
0.083025
0.083328
0.083631
0.083934
0.084237
0.0845401
0.0848431
0.0851461
0.0854491
0.0857521
0.0860551
0.0863581
0.0866611
0.0869641
0.0872671
0.0875701
0.0878731
0.0881761
0.0884792
0.0887822
0.0890852
0.0893882
0.0896912
0.0899942
0.0902927
0.0905912
0.0908897
0.0911882
0.0914867
0.0917851
0.0920836
0.0923821
0.0926806
0.0929791
0.0932776
0.0935761
0.0938745
0.094173
0.0944715
0.09477
0.0950685
0.095367
0.0956655
0.0959639
0.0962624
0.0965609
0.0968594
0.0971579
0.0974564
0.0977549
0.0980533
0.0983518
0.0986503
0.0989488
0.0992473
0.0995458
0.0998442
0.100143
0.100441
0.10074
0.101038
0.101337
0.101635
0.101934
0.102232
0.102531
0.102829
0.103128
0.103426
0.103725
0.104023
0.104322
0.10462
0.104918
0.105217
0.105515
0.105814
0.106112
0.106411
0.106709
0.107008
0.107306
0.107605
0.107903
0.108202
0.1085
0.108799
0.109097
0.109396
0.109694
0.129991
0.130294
0.130597
0.1309
0.131203
0.131506
0.131809
0.132112
0.132415
0.132718
0.133021
0.133324
0.133627
0.13393
0.134233
0.134536
0.134839
0.135142
0.135445
0.135748
0.136051
0.136354
0.136657
0.13696
0.137263
0.137566
0.137869
0.138172
0.138475
0.138779
0.139082
0.139385
0.139688
0.14999
0.150284
0.150578
0.150872
0.151166
0.151461
0.151755
0.152049
0.152343
0.152637
0.152931
0.153225
0.153519
0.153813
0.154107
0.154401
0.154696
0.15499
0.155284
0.155578
0.155872
0.156166
0.15646
0.156754
0.157048
0.157342
0.157636
0.15793
0.158225
0.158519
0.158813
0.159107
0.159401
0.159695
0.189987
0.19029
0.190593
0.190896
0.191199
0.191502
0.191805
0.192108
0.192411
0.192714
0.193017
0.19332
0.193623
0.193926
0.194229
0.194532
0.194835
0.195138
0.195441
0.195744
0.196047
0.19635
0.196653
0.196956
0.197259
0.197562
0.197865
0.198168
0.198471
0.198774
0.199077
0.19938
0.199683
0.219985
0.219985
0.219985
0.219985
0.219985
0.219985
0.219985
0.219985
0.219985
0.219985
0.219985
0.219985
0.219985
0.219985
0.219985
0.219985
0.219985
0.219985
0.219985
0.219985
0.219985
0.219985
0.219985
0.219985
0.219985
0.219985
0.219985
0.219985
0.219985
0.219985
0.219985
0.219985
0.219985
0.239983
0.240132
0.240281
0.240431
0.24058
0.240729
0.240878
0.241028
0.241177
0.241326
0.241475
0.241625
0.241774
0.241923
0.242072
0.242222
0.242371
0.24252
0.242669
0.242819
0.242968
0.243117
0.243266
0.243416
0.243565
0.243714
0.243863
0.244013
0.244162
0.244311
0.24446
0.24461
0.244759
0.244908
0.245057
0.245207
0.245356
0.245505
0.245654
0.245804
0.245953
0.246102
0.246251
0.246401
0.24655
0.246699
0.246848
0.246998
0.247147
0.247296
0.247445
0.247595
0.247744
0.247893
0.248042
0.248192
0.248341
0.24849
0.248639
0.248789
0.248938
0.249087
0.249236
0.249386
0.249535
0.249684
0.249833
0.28998
0.290283
0.290586
0.290889
0.291192
0.291495
0.291798
0.292101
0.292404
0.292707
0.29301
0.293313
0.293616
0.293919
0.294222
0.294525
0.294828
0.295131
0.295434
0.295737
0.29604
0.296343
0.296646
0.296949
0.297252
0.297555
0.297858
0.298161
0.298464
0.298767
0.29907
0.299373
0.299676
0.319978
0.319978
0.319978
0.319978
0.319978
0.319978
0.319978
0.319978
0.319978
0.319978
0.319978
0.319978
0.319978
0.319978
0.319978
0.319978
0.319978
0.319978
0.319978
0.319978
0.319978
0.319978
0.319978
0.319978
0.319978
0.319978
0.319978
0.319978
0.319978
0.319978
0.319978
0.319978
0.319978
0.319978
0.319978
0.319978
0.319978
0.319978
0.319978
0.319978
0.319978
0.319978
0.319978
0.319978
0.319978
0.319978
0.319978
0.319978
0.319978
0.319978
0.319978
0.319978
0.319978
0.319978
0.319978
0.319978
0.319978
0.319978
0.319978
0.319978
0.319978
0.319978
0.319978
0.319978
0.319978
0.319978
0.319978
0.349975
0.349975
0.349975
0.349975
0.349975
0.349975
0.349975
0.349975
0.349975
0.349975
0.349975
0.349975
0.349975
0.349975
0.349975
0.349975
0.349975
0.349975
0.349975
0.349975
0.349975
0.349975
0.349975
0.349975
0.349975
0.349975
0.349975
0.349975
0.349975
0.349975
0.349975
0.349975
0.349975
0.379973
0.379973
0.379973
0.379973
0.379973
0.379973
0.379973
0.379973
0.379973
0.379973
0.379973
0.379973
0.379973
0.379973
0.379973
0.379973
0.379973
0.379973
0.379973
0.379973
0.379973
0.379973
0.379973
0.379973
0.379973
0.379973
0.379973
0.379973
0.379973
0.379973
0.379973
0.379973
0.379973
0.379973
0.399972
0.399972
0.399972
0.399972
0.399972
0.399972
0.399972
0.399972
0.399972
0.399972
0.399972
0.399972
0.399972
0.399972
0.399972
0.399972
0.399972
0.399972
0.399972
0.399972
0.399972
0.399972
0.399972
0.399972
0.399972
0.399972
0.399972
0.399972
0.399972
0.399972
0.399972
0.399972
0.399972
0.419971
0.420274
0.420577
0.42088
0.421183
0.421486
0.421789
0.422092
0.422395
0.422698
0.423001
0.423304
0.423607
0.42391
0.424213
0.424516
0.424819
0.425122
0.425425
0.425728
0.426031
0.426334
0.426637
0.42694
0.427243
0.427546
0.427849
0.428152
0.428455
0.428758
0.429061
0.429364
0.429667
0.439969
0.440557
0.441146
0.441734
0.442322
0.44291
0.443498
0.444087
0.444675
0.445263
0.445851
0.446439
0.447027
0.447616
0.448204
0.448792
0.44938
0.449968
0.450557
0.451145
0.451733
0.452321
0.452909
0.453497
0.454086
0.454674
0.455262
0.45585
0.456438
0.457026
0.457615
0.458203
0.458791
0.459379
0.469967
0.47027
0.470573
0.470876
0.471179
0.471482
0.471785
0.472088
0.472391
0.472694
0.472997
0.4733
0.473603
0.473906
0.474209
0.474512
0.474815
0.475118
0.475421
0.475724
0.476027
0.47633
0.476633
0.476936
0.477239
0.477542
0.477845
0.478148
0.478451
0.478754
0.479057
0.47936
0.479663
0.489965
0.490114
0.490263
0.490412
0.490562
0.490711
0.49086
0.491009
0.491159
0.491308
0.491457
0.491606
0.491756
0.491905
0.492054
0.492203
0.492353
0.492502
0.492651
0.4928
0.49295
0.493099
0.493248
0.493397
0.493547
0.493696
0.493845
0.493994
0.494144
0.494293
0.494442
0.494591
0.494741
0.49489
0.495039
0.495188
0.495338
0.495487
0.495636
0.495785
0.495935
0.496084
0.496233
0.496382
0.496532
0.496681
0.49683
0.496979
0.497129
0.497278
0.497427
0.497576
0.497726
0.497875
0.498024
0.498173
0.498323
0.498472
0.498621
0.49877
0.49892
0.499069
0.499218
0.499367
0.499517
0.499666
0.499815
0.509964
0.509964
0.509964
0.509964
0.509964
0.509964
0.509964
0.509964
0.509964
0.509964
0.509964
0.509964
0.509964
0.509964
0.509964
0.509964
0.509964
0.509964
0.509964
0.509964
0.509964
0.509964
0.509964
0.509964
0.509964
0.509964
0.509964
0.509964
0.509964
0.509964
0.509964
0.509964
0.509964
0.539962
0.539962
0.539962
0.539962
0.539962
0.539962
0.539962
0.539962
0.539962
0.539962
0.539962
0.539962
0.539962
0.539962
0.539962
0.539962
0.539962
0.539962
0.539962
0.539962
0.539962
0.539962
0.539962
0.539962
0.539962
0.539962
0.539962
0.539962
0.539962
0.539962
0.539962
0.539962
0.539962
0.539962
0.54055
0.541138
0.541727
0.542315
0.542903
0.543491
0.544079
0.544667
0.545256
0.545844
0.546432
0.54702
0.547608
0.548197
0.548785
0.549373
0.549961
0.550549
0.551137
0.551726
0.552314
0.552902
0.55349
0.554078
0.554667
0.555255
0.555843
0.556431
0.557019
0.557607
0.558196
0.558784
0.559372
0.569959
0.569959
0.569959
0.569959
0.569959
0.569959
0.569959
0.569959
0.569959
0.569959
0.569959
0.569959
0.569959
0.569959
0.569959
0.569959
0.569959
0.569959
0.569959
0.569959
0.569959
0.569959
0.569959
0.569959
0.569959
0.569959
0.569959
0.569959
0.569959
0.569959
0.569959
0.569959
0.569959
0.569959
0.569959
0.569959
0.569959
0.569959
0.569959
0.569959
0.569959
0.569959
0.569959
0.569959
0.569959
0.569959
0.569959
0.569959
0.569959
0.569959
0.569959
0.569959
0.569959
0.569959
0.569959
0.569959
0.569959
0.569959
0.569959
0.569959
0.569959
0.569959
0.569959
0.569959
0.569959
0.569959
0.56996
0.570548
0.571136
0.571724
0.572313
0.572901
0.573489
0.574077
0.574665
0.575253
0.575842
0.57643
0.577018
0.577606
0.578194
0.578783
0.579371
0.579959
0.580547
0.581135
0.581723
0.582312
0.5829
0.583488
0.584076
0.584664
0.585253
0.585841
0.586429
0.587017
0.587605
0.588193
0.588782
0.58937
0.589957
0.59026
0.590563
0.590866
0.591169
0.591472
0.591775
0.592078
0.592381
0.592685
0.592988
0.593291
0.593594
0.593897
0.5942
0.594503
0.594806
0.595109
0.595412
0.595715
0.596018
0.596321
0.596624
0.596927
0.59723
0.597533
0.597836
0.598139
0.598442
0.598745
0.599048
0.599351
0.599654
0.599957
0.60026
0.600563
0.600866
0.601169
0.601472
0.601775
0.602078
0.602381
0.602684
0.602987
0.60329
0.603593
0.603896
0.604199
0.604502
0.604805
0.605108
0.605411
0.605714
0.606017
0.60632
0.606623
0.606926
0.607229
0.607532
0.607835
0.608138
0.608441
0.608744
0.609047
0.60935
0.609653
0.619956
0.62025
0.620544
0.620838
0.621132
0.621426
0.621721
0.622015
0.622309
0.622603
0.622897
0.623191
0.623485
0.623779
0.624073
0.624367
0.624661
0.624956
0.62525
0.625544
0.625838
0.626132
0.626426
0.62672
0.627014
0.627308
0.627602
0.627896
0.628191
0.628485
0.628779
0.629073
0.629367
0.629661
0.639954
0.639954
0.639954
0.639954
0.639954
0.639954
0.639954
0.639954
0.639954
0.639954
0.639954
0.639954
0.639954
0.639954
0.639954
0.639954
0.639954
0.639954
0.639954
0.639954
0.639954
0.639954
0.639954
0.639954
0.639954
0.639954
0.639954
0.639954
0.639954
0.639954
0.639954
0.639954
0.639954
0.669952
0.669952
0.669952
0.669952
0.669952
0.669952
0.669952
0.669952
0.669952
0.669952
0.669952
0.669952
0.669952
0.669952
0.669952
0.669952
0.669952
0.669952
0.669952
0.669952
0.669952
0.669952
0.669952
0.669952
0.669952
0.669952
0.669952
0.669952
0.669952
0.669952
0.669952
0.669952
0.669952
0.69995
0.69995
0.69995
0.69995
0.69995
0.69995
0.69995
0.69995
0.69995
0.69995
0.69995
0.69995
0.69995
0.69995
0.69995
0.69995
0.69995
0.69995
0.69995
0.69995
0.69995
0.69995
0.69995
0.69995
0.69995
0.69995
0.69995
0.69995
0.69995
0.69995
0.69995
0.69995
0.69995
0.69995
0.709949
0.710252
0.710555
0.710858
0.711161
0.711464
0.711767
0.71207
0.712373
0.712676
0.712979
0.713282
0.713585
0.713888
0.714191
0.714494
0.714797
0.7151
0.715403
0.715706
0.716009
0.716312
0.716615
0.716918
0.717221
0.717524
0.717827
0.71813
0.718433
0.718736
0.719039
0.719342
0.719646
0.729948
0.729948
0.729948
0.729948
0.729948
0.729948
0.729948
0.729948
0.729948
0.729948
0.729948
0.729948
0.729948
0.729948
0.729948
0.729948
0.729948
0.729948
0.729948
0.729948
0.729948
0.729948
0.729948
0.729948
0.729948
0.729948
0.729948
0.729948
0.729948
0.729948
0.729948
0.729948
0.729948
0.749947
0.750241
0.750535
0.750829
0.751123
0.751417
0.751711
0.752005
0.752299
0.752593
0.752887
0.753182
0.753476
0.75377
0.754064
0.754358
0.754652
0.754946
0.75524
0.755534
0.755828
0.756122
0.756417
0.756711
0.757005
0.757299
0.757593
0.757887
0.758181
0.758475
0.758769
0.759063
0.759357
0.759652
0.799943
0.799943
0.799943
0.799943
0.799943
0.799943
0.799943
0.799943
0.799943
0.799943
0.799943
0.799943
0.799943
0.799943
0.799943
0.799943
0.799943
0.799943
0.799943
0.799943
0.799943
0.799943
0.799943
0.799943
0.799943
0.799943
0.799943
0.799943
0.799943
0.799943
0.799943
0.799943
0.799943
0.799943
0.799943
0.799943
0.799943
0.799943
0.799943
0.799943
0.799943
0.799943
0.799943
0.799943
0.799943
0.799943
0.799943
0.799943
0.799943
0.799943
0.799943
0.799943
0.799943
0.799943
0.799943
0.799943
0.799943
0.799943
0.799943
0.799943
0.799943
0.799943
0.799943
0.799943
0.799943
0.799943
0.819942
0.820236
0.82053
0.820824
0.821118
0.821412
0.821706
0.822
0.822294
0.822588
0.822882
0.823177
0.823471
0.823765
0.824059
0.824353
0.824647
0.824941
0.825235
0.825529
0.825823
0.826117
0.826411
0.826706
0.827
0.827294
0.827588
0.827882
0.828176
0.82847
0.828764
0.829058
0.829352
0.829646
0.839939
0.840091
0.840242
0.840394
0.840545
0.840697
0.840848
0.841
0.841151
0.841303
0.841454
0.841606
0.841757
0.841909
0.84206
0.842212
0.842363
0.842515
0.842666
0.842818
0.842969
0.843121
0.843272
0.843424
0.843575
0.843727
0.843879
0.84403
0.844182
0.844333
0.844485
0.844636
0.844788
0.844939
0.845091
0.845242
0.845394
0.845545
0.845697
0.845848
0.846
0.846151
0.846303
0.846454
0.846606
0.846757
0.846909
0.84706
0.847212
0.847363
0.847515
0.847666
0.847818
0.847969
0.848121
0.848272
0.848424
0.848575
0.848727
0.848879
0.84903
0.849182
0.849333
0.849485
0.849636
0.849788
0.889936
0.889936
0.889936
0.889936
0.889936
0.889936
0.889936
0.889936
0.889936
0.889936
0.889936
0.889936
0.889936
0.889936
0.889936
0.889936
0.889936
0.889936
0.889936
0.889936
0.889936
0.889936
0.889936
0.889936
0.889936
0.889936
0.889936
0.889936
0.889936
0.889936
0.889936
0.889936
0.889936
0.889936
0.889936
0.889936
0.889936
0.889936
0.889936
0.889936
0.889936
0.889936
0.889936
0.889936
0.889936
0.889936
0.889936
0.889936
0.889936
0.889936
0.889936
0.889936
0.889936
0.889936
0.889936
0.889936
0.889936
0.889936
0.889936
0.889936
0.889936
0.889936
0.889936
0.889936
0.889936
0.889936
0.889936
0.909935
0.909935
0.909935
0.909935
0.909935
0.909935
0.909935
0.909935
0.909935
0.909935
0.909935
0.909935
0.909935
0.909935
0.909935
0.909935
0.909935
0.909935
0.909935
0.909935
0.909935
0.909935
0.909935
0.909935
0.909935
0.909935
0.909935
0.909935
0.909935
0.909935
0.909935
0.909935
0.909935
0.959931
0.959931
0.959931
0.959931
0.959931
0.959931
0.959931
0.959931
0.959931
0.959931
0.959931
0.959931
0.959931
0.959931
0.959931
0.959931
0.959931
0.959931
0.959931
0.959931
0.959931
0.959931
0.959931
0.959931
0.959931
0.959931
0.959931
0.959931
0.959931
0.959931
0.959931
0.959931
0.959931
0.959931
0.949932
0.949932
0.949932
0.949932
0.949932
0.949932
0.949932
0.949932
0.949932
0.949932
0.949932
0.949932
0.949932
0.949932
0.949932
0.949932
0.949932
0.949932
0.949932
0.949932
0.949932
0.949932
0.949932
0.949932
0.949932
0.949932
0.949932
0.949932
0.949932
0.949932
0.949932
0.949932
0.949932
0.949932
0.949932
0.949932
0.949932
0.949932
0.949932
0.949932
0.949932
0.949932
0.949932
0.949932
0.949932
0.949932
0.949932
0.949932
0.949932
0.949932
0.949932
0.949932
0.949932
0.949932
0.949932
0.949932
0.949932
0.949932
0.949932
0.949932
0.949932
0.949932
0.949932
0.949932
0.949932
0.949932
0.939932
0.939638
0.939344
0.93905
0.938756
0.938462
0.938168
0.937874
0.93758
0.937286
0.936991
0.936697
0.936403
0.936109
0.935815
0.935521
0.935227
0.934933
0.934639
0.934345
0.934051
0.933756
0.933462
0.933168
0.932874
0.93258
0.932286
0.931992
0.931698
0.931404
0.93111
0.930816
0.930521
0.930227
0.919935
0.919632
0.919329
0.919026
0.918723
0.91842
0.918117
0.917814
0.917511
0.917207
0.916904
0.916601
0.916298
0.915995
0.915692
0.915389
0.915086
0.914783
0.91448
0.914177
0.913874
0.913571
0.913268
0.912965
0.912662
0.912359
0.912056
0.911753
0.91145
0.911147
0.910844
0.910541
0.910238
0.899935
0.899935
0.899935
0.899935
0.899935
0.899935
0.899935
0.899935
0.899935
0.899935
0.899935
0.899935
0.899935
0.899935
0.899935
0.899935
0.899935
0.899935
0.899935
0.899935
0.899935
0.899935
0.899935
0.899935
0.899935
0.899935
0.899935
0.899935
0.899935
0.899935
0.899935
0.899935
0.899935
0.879937
0.879937
0.879937
0.879937
0.879937
0.879937
0.879937
0.879937
0.879937
0.879937
0.879937
0.879937
0.879937
0.879937
0.879937
0.879937
0.879937
0.879937
0.879937
0.879937
0.879937
0.879937
0.879937
0.879937
0.879937
0.879937
0.879937
0.879937
0.879937
0.879937
0.879937
0.879937
0.879937
0.859938
0.859938
0.859938
0.859938
0.859938
0.859938
0.859938
0.859938
0.859938
0.859938
0.859938
0.859938
0.859938
0.859938
0.859938
0.859938
0.859938
0.859938
0.859938
0.859938
0.859938
0.859938
0.859938
0.859938
0.859938
0.859938
0.859938
0.859938
0.859938
0.859938
0.859938
0.859938
0.859938
0.859938
0.849939
0.849939
0.849939
0.849939
0.849939
0.849939
0.849939
0.849939
0.849939
0.849939
0.849939
0.849939
0.849939
0.849939
0.849939
0.849939
0.849939
0.849939
0.849939
0.849939
0.849939
0.849939
0.849939
0.849939
0.849939
0.849939
0.849939
0.849939
0.849939
0.849939
0.849939
0.849939
0.849939
0.829941
0.829638
0.829335
0.829032
0.828729
0.828426
0.828123
0.82782
0.827517
0.827214
0.826911
0.826608
0.826305
0.826002
0.825699
0.825396
0.825093
0.82479
0.824487
0.824184
0.823881
0.823578
0.823275
0.822972
0.822669
0.822366
0.822062
0.821759
0.821456
0.821153
0.82085
0.820547
0.820244
0.809942
0.809942
0.809942
0.809942
0.809942
0.809942
0.809942
0.809942
0.809942
0.809942
0.809942
0.809942
0.809942
0.809942
0.809942
0.809942
0.809942
0.809942
0.809942
0.809942
0.809942
0.809942
0.809942
0.809942
0.809942
0.809942
0.809942
0.809942
0.809942
0.809942
0.809942
0.809942
0.809942
0.809942
0.799943
0.799943
0.799943
0.799943
0.799943
0.799943
0.799943
0.799943
0.799943
0.799943
0.799943
0.799943
0.799943
0.799943
0.799943
0.799943
0.799943
0.799943
0.799943
0.799943
0.799943
0.799943
0.799943
0.799943
0.799943
0.799943
0.799943
0.799943
0.799943
0.799943
0.799943
0.799943
0.799943
0.799943
0.799943
0.799943
0.799943
0.799943
0.799943
0.799943
0.799943
0.799943
0.799943
0.799943
0.799943
0.799943
0.799943
0.799943
0.799943
0.799943
0.799943
0.799943
0.799943
0.799943
0.799943
0.799943
0.799943
0.799943
0.799943
0.799943
0.799943
0.799943
0.799943
0.799943
0.799943
0.799943
0.799942
0.799648
0.799354
0.79906
0.798766
0.798472
0.798178
0.797884
0.79759
0.797296
0.797002
0.796708
0.796413
0.796119
0.795825
0.795531
0.795237
0.794943
0.794649
0.794355
0.794061
0.793767
0.793473
0.793178
0.792884
0.79259
0.792296
0.792002
0.791708
0.791414
0.79112
0.790826
0.790532
0.790238
0.789943
0.789943
0.789943
0.789943
0.789943
0.789943
0.789943
0.789943
0.789943
0.789943
0.789943
0.789943
0.789943
0.789943
0.789943
0.789943
0.789943
0.789943
0.789943
0.789943
0.789943
0.789943
0.789943
0.789943
0.789943
0.789943
0.789943
0.789943
0.789943
0.789943
0.789943
0.789943
0.789943
0.769945
0.769945
0.769945
0.769945
0.769945
0.769945
0.769945
0.769945
0.769945
0.769945
0.769945
0.769945
0.769945
0.769945
0.769945
0.769945
0.769945
0.769945
0.769945
0.769945
0.769945
0.769945
0.769945
0.769945
0.769945
0.769945
0.769945
0.769945
0.769945
0.769945
0.769945
0.769945
0.769945
0.759946
0.759946
0.759946
0.759946
0.759946
0.759946
0.759946
0.759946
0.759946
0.759946
0.759946
0.759946
0.759946
0.759946
0.759946
0.759946
0.759946
0.759946
0.759946
0.759946
0.759946
0.759946
0.759946
0.759946
0.759946
0.759946
0.759946
0.759946
0.759946
0.759946
0.759946
0.759946
0.759946
0.759946
0.749946
0.749946
0.749946
0.749946
0.749946
0.749946
0.749946
0.749946
0.749946
0.749946
0.749946
0.749946
0.749946
0.749946
0.749946
0.749946
0.749946
0.749946
0.749946
0.749946
0.749946
0.749946
0.749946
0.749946
0.749946
0.749946
0.749946
0.749946
0.749946
0.749946
0.749946
0.749946
0.749946
0.739947
0.739947
0.739947
0.739947
0.739947
0.739947
0.739947
0.739947
0.739947
0.739947
0.739947
0.739947
0.739947
0.739947
0.739947
0.739947
0.739947
0.739947
0.739947
0.739947
0.739947
0.739947
0.739947
0.739947
0.739947
0.739947
0.739947
0.739947
0.739947
0.739947
0.739947
0.739947
0.739947
0.739947
0.739947
0.739947
0.739947
0.739947
0.739947
0.739947
0.739947
0.739947
0.739947
0.739947
0.739947
0.739947
0.739947
0.739947
0.739947
0.739947
0.739947
0.739947
0.739947
0.739947
0.739947
0.739947
0.739947
0.739947
0.739947
0.739947
0.739947
0.739947
0.739947
0.739947
0.739947
0.739947
0.739947
0.739947
0.739947
0.739947
0.739947
0.739947
0.739947
0.739947
0.739947
0.739947
0.739947
0.739947
0.739947
0.739947
0.739947
0.739947
0.739947
0.739947
0.739947
0.739947
0.739947
0.739947
0.739947
0.739947
0.739947
0.739947
0.739947
0.739947
0.739947
0.739947
0.739947
0.739947
0.739947
0.739947
0.719949
0.719949
0.719949
0.719949
0.719949
0.719949
0.719949
0.719949
0.719949
0.719949
0.719949
0.719949
0.719949
0.719949
0.719949
0.719949
0.719949
0.719949
0.719949
0.719949
0.719949
0.719949
0.719949
0.719949
0.719949
0.719949
0.719949
0.719949
0.719949
0.719949
0.719949
0.719949
0.719949
0.719948
0.719654
0.71936
0.719066
0.718772
0.718478
0.718184
0.71789
0.717596
0.717301
0.717007
0.716713
0.716419
0.716125
0.715831
0.715537
0.715243
0.714949
0.714655
0.714361
0.714067
0.713772
0.713478
0.713184
0.71289
0.712596
0.712302
0.712008
0.711714
0.71142
0.711126
0.710832
0.710537
0.710243
0.70995
0.709647
0.709344
0.709041
0.708738
0.708435
0.708132
0.707829
0.707526
0.707223
0.70692
0.706617
0.706314
0.706011
0.705708
0.705405
0.705101
0.704798
0.704495
0.704192
0.703889
0.703586
0.703283
0.70298
0.702677
0.702374
0.702071
0.701768
0.701465
0.701162
0.700859
0.700556
0.700253
0.69995
0.69995
0.69995
0.69995
0.69995
0.69995
0.69995
0.69995
0.69995
0.69995
0.69995
0.69995
0.69995
0.69995
0.69995
0.69995
0.69995
0.69995
0.69995
0.69995
0.69995
0.69995
0.69995
0.69995
0.69995
0.69995
0.69995
0.69995
0.69995
0.69995
0.69995
0.69995
0.69995
0.689951
0.689951
0.689951
0.689951
0.689951
0.689951
0.689951
0.689951
0.689951
0.689951
0.689951
0.689951
0.689951
0.689951
0.689951
0.689951
0.689951
0.689951
0.689951
0.689951
0.689951
0.689951
0.689951
0.689951
0.689951
0.689951
0.689951
0.689951
0.689951
0.689951
0.689951
0.689951
0.689951
0.689951
0.689951
0.689951
0.689951
0.689951
0.689951
0.689951
0.689951
0.689951
0.689951
0.689951
0.689951
0.689951
0.689951
0.689951
0.689951
0.689951
0.689951
0.689951
0.689951
0.689951
0.689951
0.689951
0.689951
0.689951
0.689951
0.689951
0.689951
0.689951
0.689951
0.689951
0.689951
0.689951
0.689951
0.689951
0.689648
0.689345
0.689042
0.688739
0.688436
0.688133
0.68783
0.687527
0.687224
0.686921
0.686618
0.686315
0.686012
0.685709
0.685406
0.685103
0.6848
0.684497
0.684194
0.683891
0.683588
0.683285
0.682982
0.682679
0.682376
0.682073
0.68177
0.681467
0.681164
0.680861
0.680557
0.680254
0.679951
0.679951
0.679951
0.679951
0.679951
0.679951
0.679951
0.679951
0.679951
0.679951
0.679951
0.679951
0.679951
0.679951
0.679951
0.679951
0.679951
0.679951
0.679951
0.679951
0.679951
0.679951
0.679951
0.679951
0.679951
0.679951
0.679951
0.679951
0.679951
0.679951
0.679951
0.679951
0.679951
0.679951
0.659953
0.659953
0.659953
0.659953
0.659953
0.659953
0.659953
0.659953
0.659953
0.659953
0.659953
0.659953
0.659953
0.659953
0.659953
0.659953
0.659953
0.659953
0.659953
0.659953
0.659953
0.659953
0.659953
0.659953
0.659953
0.659953
0.659953
0.659953
0.659953
0.659953
0.659953
0.659953
0.659953
0.649954
0.649954
0.649954
0.649954
0.649954
0.649954
0.649954
0.649954
0.649954
0.649954
0.649954
0.649954
0.649954
0.649954
0.649954
0.649954
0.649954
0.649954
0.649954
0.649954
0.649954
0.649954
0.649954
0.649954
0.649954
0.649954
0.649954
0.649954
0.649954
0.649954
0.649954
0.649954
0.649954
0.649953
0.649659
0.649365
0.649071
0.648777
0.648483
0.648189
0.647895
0.647601
0.647307
0.647012
0.646718
0.646424
0.64613
0.645836
0.645542
0.645248
0.644954
0.64466
0.644366
0.644072
0.643777
0.643483
0.643189
0.642895
0.642601
0.642307
0.642013
0.641719
0.641425
0.641131
0.640837
0.640543
0.640248
0.639954
0.639954
0.639954
0.639954
0.639954
0.639954
0.639954
0.639954
0.639954
0.639954
0.639954
0.639954
0.639954
0.639954
0.639954
0.639954
0.639954
0.639954
0.639954
0.639954
0.639954
0.639954
0.639954
0.639954
0.639954
0.639954
0.639954
0.639954
0.639954
0.639954
0.639954
0.639954
0.639954
0.629955
0.629955
0.629955
0.629955
0.629955
0.629955
0.629955
0.629955
0.629955
0.629955
0.629955
0.629955
0.629955
0.629955
0.629955
0.629955
0.629955
0.629955
0.629955
0.629955
0.629955
0.629955
0.629955
0.629955
0.629955
0.629955
0.629955
0.629955
0.629955
0.629955
0.629955
0.629955
0.629955
0.609957
0.609957
0.609957
0.609957
0.609957
0.609957
0.609957
0.609957
0.609957
0.609957
0.609957
0.609957
0.609957
0.609957
0.609957
0.609957
0.609957
0.609957
0.609957
0.609957
0.609957
0.609957
0.609957
0.609957
0.609957
0.609957
0.609957
0.609957
0.609957
0.609957
0.609957
0.609957
0.609957
0.609957
0.599957
0.599957
0.599957
0.599957
0.599957
0.599957
0.599957
0.599957
0.599957
0.599957
0.599957
0.599957
0.599957
0.599957
0.599957
0.599957
0.599957
0.599957
0.599957
0.599957
0.599957
0.599957
0.599957
0.599957
0.599957
0.599957
0.599957
0.599957
0.599957
0.599957
0.599957
0.599957
0.599957
0.599957
0.599957
0.599957
0.599957
0.599957
0.599957
0.599957
0.599957
0.599957
0.599957
0.599957
0.599957
0.599957
0.599957
0.599957
0.599957
0.599957
0.599957
0.599957
0.599957
0.599957
0.599957
0.599957
0.599957
0.599957
0.599957
0.599957
0.599957
0.599957
0.599957
0.599957
0.599957
0.599957
0.599957
0.599957
0.599957
0.599957
0.599957
0.599957
0.599957
0.599957
0.599957
0.599957
0.599957
0.599957
0.599957
0.599957
0.599957
0.599957
0.599957
0.599957
0.599957
0.599957
0.599957
0.599957
0.599957
0.599957
0.599957
0.599957
0.599957
0.599957
0.599957
0.599957
0.599957
0.599957
0.599957
0.599957
0.599957
0.599957
0.599957
0.599957
0.599957
0.599957
0.599957
0.599957
0.599957
0.599957
0.599957
0.599957
0.599957
0.599957
0.599957
0.599957
0.599957
0.599957
0.599957
0.599957
0.599957
0.599957
0.599957
0.599957
0.599957
0.599957
0.599957
0.599957
0.599957
0.599957
0.599957
0.599957
0.599957
0.599957
0.599957
0.599957
0.599957
0.599957
0.599957
0.599957
0.599957
0.599957
0.599957
0.599957
0.599957
0.599957
0.599957
0.599957
0.599957
0.599957
0.599957
0.599957
0.599957
0.599957
0.599957
0.599957
0.599957
0.599957
0.599957
0.599957
0.599957
0.599957
0.599957
0.599957
0.599957
0.599957
0.599957
0.599957
0.599957
0.599957
0.599957
0.599957
0.599957
0.599957
0.599957
0.599957
0.599957
0.599957
0.599957
0.599957
0.599957
0.599957
0.599957
0.599957
0.599957
0.599957
0.599957
0.599957
0.599957
0.599957
0.599957
0.599957
0.599957
0.599957
0.599957
0.599957
0.599957
0.599957
0.599957
0.599957
0.599957
0.599957
0.599957
0.599957
0.599957
0.599957
0.599957
0.599957
0.599957
0.599957
0.599957
0.599957
0.599957
0.599957
0.599957
0.599957
0.599957
0.599957
0.599957
0.599957
0.599957
0.599957
0.599957
0.599957
0.599957
0.599957
0.599957
0.599957
0.599957
0.599957
0.599957
0.599957
0.599957
0.599957
0.599957
0.599957
0.599957
0.599957
0.599957
0.599957
0.599957
0.599957
0.599957
0.599957
0.599957
0.599957
0.599957
0.599957
0.599957
0.599957
0.599957
0.599957
0.599957
0.599957
0.599957
0.599957
0.599957
0.599957
0.599957
0.599957
0.599957
0.599957
0.599957
0.599957
0.599957
0.599957
0.599957
0.599957
0.599957
0.599957
0.599957
0.599957
0.599957
0.599957
0.599957
0.599957
0.599957
0.599957
0.599957
0.599957
0.599957
0.599957
0.599957
0.599957
0.599957
0.599957
0.599957
0.599957
0.599957
0.599957
0.599957
0.599957
0.599957
0.599957
0.599957
0.599957
0.599957
0.599957
0.599957
0.599957
0.599957
0.599957
0.599957
0.599957
0.599957
0.599957
0.599957
0.599957
0.599957
0.599957
0.599957
0.599957
0.599957
0.599957
0.599957
0.599957
0.599957
0.599957
0.599957
0.599957
0.599957
0.599957
0.599957
0.599957
0.599957
0.599957
0.599957
0.599957
0.599957
0.599957
0.599957
0.599957
0.599957
0.599957
0.599957
0.599957
0.599957
0.599957
0.599957
0.599957
0.599957
0.599957
0.599957
0.599957
0.599957
0.599957
0.599957
0.599957
0.599957
0.599957
0.599957
0.599957
0.599957
0.599957
0.599957
0.599957
0.599957
0.599957
0.599957
0.599957
0.599957
0.599957
0.599957
0.599957
0.599957
0.599957
0.599957
0.599957
0.599957
0.599957
0.599957
0.599957
0.599957
0.599957
0.599957
0.599957
0.599957
0.599957
0.599957
0.599957
0.599957
0.599957
0.599957
0.599957
0.599957
0.599957
0.599957
0.599957
0.599957
0.599957
0.599957
0.599957
0.599957
0.599957
0.599957
0.599957
0.599957
0.599957
0.599957
0.599957
0.599957
0.599957
0.599957
0.599957
0.599957
0.599957
0.599957
0.599957
0.599957
0.599957
0.599957
0.599957
0.599957
0.599957
0.599957
0.599957
0.599957
0.599957
0.599957
0.599957
0.599957
0.599957
0.599957
0.599957
0.599957
0.599957
0.599957
0.599957
0.599957
0.599957
0.599957
0.599957
0.599957
0.599957
0.599957
0.599957
0.599957
0.599957
0.599957
0.599957
0.599957
0.599957
0.599957
0.599957
0.599957
0.599957
0.599957
0.599957
0.599957
0.599957
0.599957
0.599957
0.599957
0.599957
0.599957
0.599957
0.599957
0.599957
0.599957
0.599957
0.599957
0.599957
0.599957
0.599957
0.599957
0.599957
0.599957
0.599957
0.599957
0.599957
0.599957
0.599957
0.599957
0.599957
0.599957
0.599957
0.599957
0.599957
0.599957
0.599957
0.599957
0.599957
0.599957
0.599957
0.599957
0.599957
0.599957
0.599957
0.599957
0.599957
0.599957
0.599957
0.599957
0.599957
0.599957
0.599957
0.599957
0.599957
0.599957
0.599957
0.599957
0.599957
0.599957
0.599957
0.599957
0.599957
0.599957
0.599957
0.599957
0.599957
0.599957
0.599957
0.599957
0.599957
0.599957
0.599957
0.599957
0.599957
0.599957
0.599957
0.599957
0.599957
0.599957
0.599957
0.599957
0.599957
0.599957
0.599957
0.599957
0.599957
0.599957
0.599957
0.599957
0.599957
0.599957
0.599957
0.599957
0.599957
0.599957
0.599957
0.599957
0.599957
0.599957
0.599957
0.599957
0.599957
0.599957
0.599957
0.599957
0.599957
0.599957
0.599957
0.599957
0.599957
0.599957
0.599957
0.599957
0.599957
0.599957
0.599957
0.599957
0.599957
0.599957
0.599957
0.599957
0.599957
0.599957
0.599957
0.599957
0.599957
0.599957
0.599957
0.599957
0.599957
0.599957
0.599957
0.599957
0.599957
0.599957
0.599957
0.599957
0.599957
0.599957
0.599957
0.599957
0.599957
0.599957
0.599957
0.599957
0.599957
0.599957
0.599957
0.599957
0.599957
0.599957
0.599957
0.599957
0.599957
0.599957
0.599957
0.599957
0.599957
0.599957
0.599957
0.599957
0.599957
0.599957
0.599957
0.599957
0.599957
0.599957
0.599957
0.599957
0.599957
0.599957
0.599957
0.599957
0.599957
0.599957
0.599957
0.599957
0.599957
0.599957
0.599957
0.599957
0.599957
0.599957
0.599957
0.599957
0.599957
0.599957
0.599957
0.599957
0.599957
0.599957
0.599957
0.599957
0.599957
0.599957
0.599957
0.599957
0.599957
0.599957
0.599957
0.599957
0.599957
0.599957
0.599957
0.599957
0.599957
0.599957
0.599957
0.599957
0.599957
0.599957
0.599957
0.599957
0.599957
0.599957
0.599957
0.599957
0.599957
0.599957
0.599957
0.599957
0.599957
0.599957
0.599957
0.599957
0.599957
0.599957
0.599957
0.599957
0.599957
0.599957
0.599957
0.599957
0.599957
0.599957
0.599957
0.599957
0.599957
0.599957
0.599957
0.599957
0.599957
0.599957
0.599957
0.599957
0.599957
0.599957
0.599957
0.599957
0.599957
0.599957
0.599957
0.599957
0.599957
0.599957
0.599957
0.599957
0.599957
0.599957
0.599957
0.599957
0.599957
0.599957
0.599957
0.599957
0.599957
0.599957
0.599957
0.599957
0.599957
0.599957
0.599957
0.599957
0.599957
0.599957
0.599957
0.599957
0.599957
0.599957
0.599957
0.599957
0.599957
0.599957
0.599957
0.599957
0.599957
0.599957
0.599957
0.599957
0.599957
0.599957
0.599957
0.599957
0.599957
0.599957
0.599957
0.599957
0.599957
0.599957
0.599957
0.599957
0.599957
0.599957
0.599957
0.599957
0.599957
0.599957
0.599957
0.599957
0.599957
0.599957
0.599957
0.599957
0.599957
0.599957
0.599957
0.599957
0.599957
0.599957
0.599957
0.599957
0.599957
0.599957
0.599957
0.599957
0.599957
0.599957
0.599957
0.599957
0.599957
0.599957
0.599957
0.599957
0.599957
0.599957
0.599957
0.599957
0.599957
0.599957
0.599957
0.599957
0.599957
0.599957
0.599957
0.599957
0.599957
0.599957
0.599957
0.599957
0.599957
0.599957
0.599957
0.599957
0.599957
0.599957
0.599957
0.599957
0.599957
0.599957
0.599957
0.599957
0.599957
0.599957
0.599957
0.599957
0.599957
0.599957
0.599957
0.599957
0.599957
0.599957
0.599957
0.599957
0.599957
0.599957
0.599957
0.599957
0.599957
0.599957
0.599957
0.599957
0.599957
0.599957
0.599957
0.599957
0.599957
0.599957
0.599957
0.599957
0.599957
0.599957
0.599957
0.599957
0.599957
0.599957
0.599957
0.599957
0.599957
0.599957
0.599957
0.599957
0.599957
0.599957
0.599957
0.599957
0.599957
0.599957
0.599957
0.599957
0.599957
0.599957
0.599957
0.599957
0.599957
0.599957
0.599957
0.599957
0.599957
0.599957
0.599957
0.599957
0.599957
0.599957
0.599957
0.599957
0.599957
0.599957
0.599957
0.599957
0.599957
0.599957
0.599957
0.599957
0.599957
0.599957
0.599957
0.599957
0.599957
0.599957
0.599957
0.599957
0.599957
0.599957
0.599957
0.599957
0.599957
0.599957
0.599957
0.599957
0.599957
0.599957
0.599957
0.599957
0.599957
0.599957
0.599957
0.599957
0.599957
0.599957
0.599957
0.599957
0.599957
0.599957
0.599957
0.599957
0.599957
0.599957
0.599957
0.599957
0.599957
0.599957
0.599957
0.599957
0.599957
0.599957
0.599957
0.599957
0.599957
0.599957
0.599957
0.599957
0.599957
0.599957
0.599957
0.599957
0.599957
0.599957
0.599957
0.599957
0.599957
0.599957
0.599957
0.599957
0.599957
0.599957
0.599957
0.599957
0.599957
0.599957
0.599957
0.599957
0.599957
0.599957
0.599957
0.599957
0.599957
0.599957
0.599957
0.599957
0.599957
0.599957
0.599957
0.599957
0.599957
0.599957
0.599957
0.599957
0.599957
0.599957
0.599957
0.599957
0.599957
0.599957
0.599957
0.599957
0.599957
0.599957
0.599957
0.599957
0.599957
0.599957
0.599957
0.599957
0.599957
0.599957
0.599957
0.599957
0.599957
0.599957
0.599957
0.599957
0.599957
0.599957
0.599957
0.599957
0.599957
0.599957
0.599957
0.599957
0.599957
0.599957
0.599957
0.599957
0.599957
0.599957
0.599957
0.599957
0.599957
0.599957
0.599957
0.599957
0.599957
0.599957
0.599957
0.599957
0.599957
0.599957
0.599957
0.599957
0.599957
0.599957
0.599957
0.599957
0.599957
0.599957
0.599957
0.599957
0.599957
0.599957
0.599957
0.599957
0.599957
0.599957
0.599957
0.599957
0.599957
0.599957
0.599957
0.599957
0.599957
0.599957
0.599957
0.599957
0.599957
0.599957
0.599957
0.599957
0.599957
0.599957
0.599957
0.599957
0.599957
0.599957
0.599957
0.599957
0.599957
0.599957
0.599957
0.599957
0.599957
0.599957
0.599957
0.599957
0.599957
0.599957
0.599957
0.599957
0.599957
0.599957
0.599957
0.599957
0.599957
0.599957
0.599957
0.599957
0.599957
0.599957
0.599957
0.599957
0.599957
0.599957
0.599957
0.599957
0.599957
0.599957
0.599957
0.599957
0.599957
0.599957
0.599957
0.599957
0.599957
0.599957
0.599957
0.599957
0.599957
0.599957
0.599957
0.599957
0.599957
0.599957
0.599957
0.599957
0.599957
0.599957
0.599957
0.599957
0.599957
0.599957
0.599957
0.599957
0.599957
0.599957
0.599957
0.599957
0.599957
0.599957
0.599957
0.599957
0.599957
0.599957
0.599957
0.599957
0.599957
0.599957
0.599957
0.599957
0.599957
0.599957
0.599957
0.599957
0.599957
0.599957
0.599957
0.599957
0.599957
0.599957
0.599957
0.599957
0.599957
0.599957
0.599957
0.599957
0.599957
0.599957
0.599957
0.599957
0.599957
0.599957
0.599957
0.599957
0.599957
0.599957
0.599957
0.599957
0.599957
0.599957
0.599957
0.599957
0.599957
0.599957
0.599957
0.599957
0.599957
0.599957
0.599957
0.599957
0.599957
0.599957
0.599957
0.599957
0.599957
0.599957
0.599957
0.599957
0.599957
0.599957
0.599957
0.599957
0.599957
0.599957
0.599957
0.599957
0.599957
0.599957
0.599957
0.599957
0.599957
0.599957
0.599957
0.599957
0.599957
0.599957
0.599957
0.599957
0.599957
0.599957
0.599957
0.599957
0.599957
0.599957
0.599957
0.599957
0.599957
0.599957
0.599957
0.599957
0.599957
0.599957
0.599957
0.599957
0.599957
0.599957
0.599957
0.599957
0.599957
0.599957
0.599957
0.599957
0.599957
0.599957
0.599957
0.599957
0.599957
0.599957
0.599957
0.599957
0.599957
0.599957
0.599957
0.599957
0.599957
0.599957
0.599957
0.599957
0.599957
0.599957
0.599957
0.599957
0.599957
0.599957
0.599957
0.599957
0.599957
0.599957
0.599957
0.599957
0.599957
0.599957
0.599957
0.599957
0.599957
0.599957
0.599957
0.599957
0.599957
0.599957
0.599957
0.599957
0.599957
0.599957
0.599957
0.599957
0.599957
0.599957
0.599957
0.599957
0.599957
0.599957
0.599957
0.599957
0.599957
0.599957
0.599957
0.599957
0.599957
0.599957
0.599957
0.599957
0.599957
0.599957
0.599957
0.599957
0.599957
0.599957
0.599957
0.599957
0.599957
0.599957
0.599957
0.599957
0.599957
0.599957
0.599957
0.599957
0.599957
0.599957
0.599957
0.599957
0.599957
0.599957
0.599957
0.599957
0.599957
0.599957
0.599957
0.599957
0.599957
0.599957
0.599957
0.599957
0.599957
0.599957
0.599957
0.599957
0.599957
0.599957
0.599957
0.599957
0.599957
0.599957
0.599957
0.599957
0.599957
0.599957
0.599957
0.599957
0.599957
0.599957
0.599957
0.599957
0.599957
0.599957
0.599957
0.599957
0.599957
0.599957
0.599957
0.599957
0.599957
0.599957
0.599957
0.599957
0.599957
0.599957
0.599957
0.599957
0.599957
0.599957
0.599957
0.599957
0.599957
0.599957
0.599957
0.599957
0.599957
0.599957
0.599957
0.599957
0.599957
0.599957
0.599957
0.599957
0.599957
0.599957
0.599957
0.599957
0.599957
0.599957
0.599957
0.599957
0.599957
0.599957
0.599957
0.599957
0.599957
0.599957
0.599957
0.599957
0.599957
0.599957
0.599957
0.599957
0.599957
0.599957
0.599957
0.599957
0.599957
0.599957
0.599957
0.599957
0.599957
0.599957
0.599957
0.599957
0.599957
0.599957
0.599957
0.599957
0.599957
0.599957
0.599957
0.599957
0.599957
0.599957
0.599957
0.599957
0.599957
0.599957
0.599957
0.599957
0.599957
0.599957
0.599957
0.599957
0.599957
0.599957
0.599957
0.599957
0.599957
0.599957
0.599957
0.599957
0.599957
0.599957
0.599957
0.599957
0.599957
0.599957
0.599957
0.599957
0.599957
0.599957
0.599957
0.599957
0.599957
0.599957
0.599957
0.599957
0.599957
0.599957
0.599957
0.599957
0.599957
0.599957
0.599957
0.599957
0.599957
0.599957
0.599957
0.599957
0.599957
0.599957
0.599957
0.599957
0.599957
0.599957
0.599957
0.599957
0.599957
0.599957
0.599957
0.599957
0.599957
0.599957
0.599957
0.599957
0.599957
0.599957
0.599957
0.599957
0.599957
0.599957
0.599957
0.599957
0.599957
0.599957
0.599957
0.599957
0.599957
0.599957
0.599957
0.599957
0.599957
0.599957
0.599957
0.599957
0.599957
0.599957
0.599957
0.599957
0.599957
0.599957
0.599957
0.599957
0.599957
0.599957
0.599957
0.599957
0.599957
0.599957
0.599957
0.599957
0.599957
0.599957
0.599957
0.599957
0.599957
0.599957
0.599957
0.599957
0.599957
0.599957
0.599957
0.599957
0.599957
0.599957
0.599957
0.599957
0.599957
0.599957
0.599957
0.599957
0.599957
0.599957
0.599957
0.599957
0.599957
0.599957
0.599957
0.599957
0.599957
0.599957
0.599957
0.599957
0.599957
0.599957
0.599957
0.599957
0.599957
0.599957
0.599957
0.599957
0.599957
0.599957
0.599957
0.599957
0.599957
0.599957
0.599957
0.599957
0.599957
0.599957
0.599957
0.599957
0.599957
0.599957
0.599957
0.599957
0.599957
0.599957
0.599957
0.599957
0.599957
0.599957
0.599957
0.599957
0.599957
0.599957
0.599957
0.599957
0.599957
0.599957
0.599957
0.599957
0.599957
0.599957
0.599957
0.599957
0.599957
0.599957
0.599957
0.599957
0.599957
0.599957
0.599957
0.599957
0.599957
0.599957
0.599957
0.599957
0.599957
0.599957
0.599957
0.599957
0.599957
0.599957
0.599957
0.599957
0.599957
0.599957
0.599957
0.599957
0.599957
0.599957
0.599957
0.599957
0.599957
0.599957
0.599957
0.599957
0.599957
0.599957
0.599957
0.599957
0.599957
0.599957
0.599957
0.599957
0.599957
0.599957
0.599957
0.599957
0.599957
0.599957
0.599957
0.599957
0.599957
0.599957
0.599957
0.599957
0.599957
0.599957
0.599957
0.599957
0.599957
0.599957
0.599957
0.599957
0.599957
0.599957
0.599957
0.599957
0.599957
0.599957
0.599957
0.599957
0.599957
0.599957
0.599957
0.599957
0.599957
0.599957
0.599957
0.599957
0.599957
0.599957
0.599957
0.599957
0.599957
0.599957
0.599957
0.599957
0.599957
0.599957
0.599957
0.599957
0.599957
0.599957
0.599957
0.599957
0.599957
0.599957
0.599957
0.599957
0.599957
0.599957
0.599957
0.599957
0.599957
0.599957
0.599957
0.599957
0.599957
0.599957
0.599957
0.599957
0.599957
0.599957
0.599957
0.599957
0.599957
0.599957
0.599957
0.599957
0.599957
0.599957
0.599957
0.599957
0.599957
0.599957
0.599957
0.599957
0.599957
0.599957
0.599957
0.599957
0.599957
0.599957
0.599957
0.599957
0.599957
0.599957
0.599957
0.599957
0.599957
0.599957
0.599957
0.599957
0.599957
0.599957
0.599957
0.599957
0.599957
0.599957
0.599957
0.599957
0.599957
0.599957
0.599957
0.599957
0.599957
0.599957
0.599957
0.599957
0.599957
0.599957
0.599957
0.599957
0.599957
0.599957
0.599957
0.599957
0.599957
0.599957
0.599957
0.599957
0.599957
0.599957
0.599957
0.599957
0.599957
0.599957
0.599957
0.599957
0.599957
0.599957
0.599957
0.599957
0.599957
0.599957
0.599957
0.599957
0.599957
0.599957
0.599957
0.599957
0.599957
0.599957
0.599957
0.599957
0.599957
0.599957
0.599957
0.599957
0.599957
0.599957
0.599957
0.599957
0.599957
0.599957
0.599957
0.599957
0.599957
0.599957
0.599957
0.599957
0.599957
0.599957
0.599957
0.599957
0.599957
0.599957
0.599957
0.599957
0.599957
0.599957
0.599957
0.599957
0.599957
0.599957
0.599957
0.599957
0.599957
0.599957
0.599957
0.599957
0.599957
0.599957
0.599957
0.599957
0.599957
0.599957
0.599957
0.599957
0.599957
0.599957
0.599957
0.599957
0.599957
0.599957
0.599957
0.599957
0.599957
0.599957
0.599957
0.599957
0.599957
0.599957
0.599957
0.599957
0.599957
0.599957
0.599957
0.599957
0.599957
0.599957
0.599957
0.599957
0.599957
0.599957
0.599957
0.599957
0.599957
0.599957
0.599957
0.599957
0.599957
0.599957
0.599957
0.599957
0.599957
0.599957
0.599957
0.599957
0.599957
0.599957
0.599957
0.599957
0.599957
0.599957
0.599957
0.599957
0.599957
0.599957
0.599957
0.599957
0.599957
0.599957
0.599957
0.599957
0.599957
0.599957
0.599957
0.599957
0.599957
0.599957
0.599957
0.599957
0.599957
0.599957
0.599957
0.599957
0.599957
0.599957
0.599957
0.599957
0.599957
0.599957
0.599957
0.599957
0.599957
0.599957
0.599957
0.599957
0.599957
0.599957
0.599957
0.599957
0.599957
0.599957
0.599957
0.599957
0.599957
0.599957
0.599957
0.599957
0.599957
0.599957
0.599957
0.599957
0.599957
0.599957
0.599957
0.599957
0.599957
0.599957
0.599957
0.599957
0.599957
0.599957
0.599957
0.599957
0.599957
0.599957
0.599957
0.599957
0.599957
0.599957
0.599957
0.599957
0.599957
0.599957
0.599957
0.599957
0.599957
0.599957
0.599957
0.599957
0.599957
0.599957
0.599957
0.599957
0.599957
0.599957
0.599957
0.599957
0.599957
0.599957
0.599957
0.599957
0.599957
0.599957
0.599957
0.599957
0.599957
0.599957
0.599957
0.599957
0.599957
0.599957
0.599957
0.599957
0.599957
0.599957
0.599957
0.599957
0.599957
0.599957
0.599957
0.599957
0.599957
0.599957
0.599957
0.599957
0.599957
0.599957
0.599957
0.599957
0.599957
0.599957
0.599957
0.599957
0.599957
0.599957
0.599957
0.599957
0.599957
0.599957
0.599957
0.599957
0.599957
0.599957
0.599957
0.599957
0.599957
0.599957
0.599957
0.599957
0.599957
0.599957
0.599957
0.599957
0.599957
0.599957
0.599957
0.599957
0.599957
0.599957
0.599957
0.599957
0.599957
0.599957
0.599957
0.599957
0.599957
0.599957
0.599957
0.599957
0.599957
0.599957
0.599957
0.599957
0.599957
0.599957
0.599957
0.599957
0.599957
0.599957
0.599957
0.599957
0.599957
0.599957
0.599957
0.599957
0.599957
0.599957
0.599957
0.599957
0.599957
0.599957
0.599957
0.599957
0.599957
0.599957
0.599957
0.599957
0.599957
0.599957
0.599957
0.599957
0.599957
0.599957
0.599957
0.599957
0.599957
0.599957
0.599957
0.599957
0.599957
0.599957
0.599957
0.599957
0.599957
0.599957
0.599957
0.599957
0.599957
0.599957
0.599957
0.599957
0.599957
0.599957
0.599957
0.599957
0.599957
0.599957
0.599957
0.599957
0.599957
0.599957
0.599957
0.599957
0.599957
0.599957
0.599957
0.599957
0.599957
0.599957
0.599957
0.599957
0.599957
0.599957
0.599957
0.599957
0.599957
0.599957
0.599957
0.599957
0.599957
0.599957
0.599957
0.599957
0.599957
0.599957
0.599957
0.599957
0.599957
0.599957
0.599957
0.599957
0.599957
0.599957
0.599957
0.599957
0.599957
0.599957
0.599957
0.599957
0.599957
0.599957
0.599957
0.599957
0.599957
0.599957
0.599957
0.599957
0.599957
0.599957
0.599957
0.599957
0.599957
0.599957
0.599957
0.599957
0.599957
0.599957
0.599957
0.599957
0.599957
0.599957
0.599957
0.599957
0.599957
0.599957
0.599957
0.599957
0.599957
0.599957
0.599957
0.599957
0.599957
0.599957
0.599957
0.599957
0.599957
0.599957
0.599957
0.599957
0.599957
0.599957
0.599957
0.599957
0.599957
0.599957
0.599957
0.599957
0.599957
0.599957
0.599957
0.599957
0.599957
0.599957
0.599957
0.599957
0.599957
0.599957
0.599957
0.599957
0.599957
0.599957
0.599957
0.599957
0.599957
0.599957
0.599957
0.599957
0.599957
0.599957
0.599957
0.599957
0.599957
0.599957
0.599957
0.599957
0.599957
0.599957
0.599957
0.599957
0.599957
0.599957
0.599957
0.599957
0.599957
0.599957
0.599957
0.599957
0.599957
0.599957
0.599957
0.599957
0.599957
0.599957
0.599957
0.599957
0.599957
0.599957
0.599957
0.599957
0.599957
0.599957
0.599957
0.599957
0.599957
0.599957
0.599957
0.599957
0.599957
0.599957
0.599957
0.599957
0.599957
0.599957
0.599957
0.599957
0.599957
0.599957
0.599957
0.599957
0.599957
0.599957
0.599957
0.599957
0.599957
0.599957
0.599957
0.599957
0.599957
0.599957
0.599957
0.599957
0.599957
0.599957
0.599957
0.599957
0.599957
0.599957
0.599957
0.599957
0.599957
0.599957
0.599957
0.599957
0.599957
0.599957
0.599957
0.599957
0.599957
0.599957
0.599957
0.599957
0.599957
0.599957
0.599957
0.599957
0.599957
0.599957
0.599957
0.599957
0.599957
0.599957
0.599957
0.599957
0.599957
0.599957
0.599957
0.599957
0.599957
0.599957
0.599957
0.599957
0.599957
0.599957
0.599957
0.599957
0.599957
0.599957
0.599957
0.599957
0.599957
0.599957
0.599957
0.599957
0.599957
0.599957
0.599957
0.599957
0.599957
0.599957
0.599957
0.599957
0.599957
0.599957
0.599957
0.599957
0.599957
0.599957
0.599957
0.599957
0.599957
0.599957
0.599957
0.599957
0.599957
0.599957
0.599957
0.599957
0.599957
0.599957
0.599957
0.599957
0.599957
0.599957
0.599957
0.599957
0.599957
0.599957
0.599957
0.599957
0.599957
0.599957
0.599957
0.599957
0.599957
0.599957
0.599957
0.599957
0.599957
0.599957
0.599957
0.599957
0.599957
0.599957
0.599957
0.599957
0.599957
0.599957
0.599957
0.599957
0.599957
0.599957
0.599957
0.599957
0.599957
0.599957
0.599957
0.599957
0.599957
0.599957
0.599957
0.599957
0.599957
0.599957
0.599957
0.599957
0.599957
0.599957
0.599957
0.599957
0.599957
0.599957
0.599957
0.599957
0.599957
0.599957
0.599957
0.599957
0.599957
0.599957
0.599957
0.599957
0.599957
0.599957
0.599957
0.599957
0.599957
0.599957
0.599957
0.599957
0.599957
0.599957
0.599957
0.599957
0.599957
0.599957
0.599957
0.599957
0.599957
0.599957
0.599957
0.599957
0.599957
0.599957
0.599957
0.599957
0.599957
0.599957
0.599957
0.599957
0.599957
0.599957
0.599957
0.599957
0.599957
0.599957
0.599957
0.599957
0.599957
0.599957
0.599957
0.599957
0.599957
0.599957
0.599957
0.599957
0.599957
0.599957
0.599957
0.599957
0.599957
0.599957
0.599957
0.599957
0.599957
0.599957
0.599957
0.599957
0.599957
0.599957
0.599957
0.599957
0.599957
0.599957
0.599957
0.599957
0.599957
0.599957
0.599957
0.599957
0.599957
0.599957
0.599957
0.599957
0.599957
0.599957
0.599957
0.599957
0.599957
0.599957
0.599957
0.599957
0.599957
0.599957
0.599957
0.599957
0.599957
0.599957
0.599957
0.599957
0.599957
0.599957
0.599957
0.599957
0.599957
0.599957
0.599957
0.599957
0.599957
0.599957
0.599957
0.599957
0.599957
0.599957
0.599957
0.599957
0.599957
0.599957
0.599957
0.599957
0.599957
0.599957
0.599957
0.599957
0.599957
0.599957
0.599957
0.599957
0.599957
0.599957
0.599957
0.599957
0.599957
0.599957
0.599957
0.599957
0.599957
0.599957
0.599957
0.599957
0.599957
0.599957
0.599957
0.599957
0.599957
0.599957
0.599957
0.599957
0.599957
0.599957
0.599957
0.599957
0.599957
0.599957
0.599957
0.599957
0.599957
0.599957
0.599957
0.599957
0.599957
0.599957
0.599957
0.599957
0.599957
0.599957
0.599957
0.599957
0.599957
0.599957
0.599957
0.599957
0.599957
0.599957
0.599957
0.599957
0.599957
0.599957
0.599957
0.599957
0.599957
0.599957
0.599957
0.599957
0.599957
0.599957
0.599957
0.599957
0.599957
0.599957
0.599957
0.599957
0.599957
0.599957
0.599957
0.599957
0.599957
0.599957
0.599957
0.599957
0.599957
0.599957
0.599957
0.599957
0.599957
0.599957
0.599957
0.599957
0.599957
0.599957
0.599957
0.599957
0.599957
0.599957
0.599957
0.599957
0.599957
0.599957
0.599957
0.599957
0.599957
0.599957
0.599957
0.599957
0.599957
0.599957
0.599957
0.599957
0.599957
0.599957
0.599957
0.599957
0.599957
0.599957
0.599957
0.599957
0.599957
0.599957
0.599957
0.599957
0.599957
0.599957
0.599957
0.599957
0.599957
0.599957
0.599957
0.599957
0.599957
0.599957
0.599957
0.599957
0.599957
0.599957
0.599957
0.599957
0.599957
0.599957
0.599957
0.599957
0.599957
0.599957
0.599957
0.599957
0.599957
0.599957
0.599957
0.599957
0.599957
0.599957
0.599957
0.599957
0.599957
0.599957
0.599957
0.599957
0.599957
0.599957
0.599957
0.599957
0.599957
0.599957
0.599957
0.599957
0.599957
0.599957
0.599957
0.599957
0.599957
0.599957
0.599957
0.599957
0.599957
0.599957
0.599957
0.599957
0.599957
0.599957
0.599957
0.599957
0.599957
0.599957
0.599957
0.599957
0.599957
0.599957
0.599957
0.599957
0.599957
0.599957
0.599957
0.599957
0.599957
0.599957
0.599957
0.599957
0.599957
0.599957
0.599957
0.599957
0.599957
0.599957
0.599957
0.599957
0.599957
0.599957
0.599957
0.599957
0.599957
0.599957
0.599957
0.599957
0.599957
0.599957
0.599957
0.599957
0.599957
0.599957
0.599957
0.599957
0.599957
0.599957
0.599957
0.599957
0.599957
0.599957
0.599957
0.599957
0.599957
0.599957
0.599957
0.599957
0.599957
0.599957
0.599957
0.599957
0.599957
0.599957
0.599957
0.599957
0.599957
0.599957
0.599957
0.599957
0.599957
0.599957
0.599957
0.599957
0.599957
0.599957
0.599957
0.599957
0.599957
0.599957
0.599957
0.599957
0.599957
0.599957
0.599957
0.599957
0.599957
0.599957
0.599957
0.599957
0.599957
0.599957
0.599957
0.599957
0.599957
0.599957
0.599957
0.599957
0.599957
0.599957
0.599957
0.599957
0.599957
0.599957
0.599957
0.599957
0.599957
0.599957
0.599957
0.599957
0.599957
0.599957
0.599957
0.599957
0.599957
0.599957
0.599957
0.599957
0.599957
0.599957
0.599957
0.599957
0.599957
0.599957
0.599957
0.599957
0.599957
0.599957
0.599957
0.599957
0.599957
0.599957
0.599957
0.599957
0.599957
0.599957
0.599957
0.599957
0.599957
0.599957
0.599957
0.599957
0.599957
0.599957
0.599957
0.599957
0.599957
0.599957
0.599957
0.599957
0.599957
0.599957
0.599957
0.599957
0.599957
0.599957
0.599957
0.599957
0.599957
0.599957
0.599957
0.599957
0.599957
0.599957
0.599957
0.599957
0.599957
0.599957
0.599957
0.599957
0.599957
0.599957
0.599957
0.599957
0.599957
0.599957
0.599957
0.599957
0.599957
0.599957
0.599957
0.599957
0.599957
0.599957
0.599957
0.599957
0.599957
0.599957
0.599957
0.599957
0.599957
0.599957
0.599957
0.599957
0.599957
0.599957
0.599957
0.599957
0.599957
0.599957
0.599957
0.599957
0.599957
0.599957
0.599957
0.599957
0.599957
0.599957
0.599957
0.599957
0.599957
0.599957
0.599957
0.599957
0.599957
0.599957
0.599957
0.599957
0.599957
0.599957
0.599957
0.599957
0.599957
0.599957
0.599957
0.599957
0.599957
0.599957
0.599957
0.599957
0.599957
0.599957
0.599957
0.599957
0.599957
0.599957
0.599957
0.599957
0.599957
0.599957
0.599957
0.599957
0.599957
0.599957
0.599957
0.599957
0.599957
0.599957
0.599957
0.599957
0.599957
0.599957
0.599957
0.599957
0.599957
0.599957
0.599957
0.599957
0.599957
0.599957
0.599957
0.599957
0.599957
0.599957
0.599957
0.599957
0.599957
0.599957
0.599957
0.599957
0.599957
0.599957
0.599957
0.599957
0.599957
0.599957
0.599957
0.599957
0.599957
0.599957
0.599957
0.599957
0.599957
0.599957
0.599957
0.599957
0.599957
0.599957
0.599957
0.599957
0.599957
0.599957
0.599957
0.599957
0.599957
0.599957
0.599957
0.599957
0.599957
0.599957
0.599957
0.599957
0.599957
0.599957
0.599957
0.599957
0.599957
0.599957
0.599957
0.599957
0.599957
0.599957
0.599957
0.599957
0.599957
0.599957
0.599957
0.599957
0.599957
0.599957
0.599957
0.599957
0.599957
0.599957
0.599957
0.599957
0.599957
0.599957
0.599957
0.599957
0.599957
0.599957
0.599957
0.599957
0.599957
0.599957
0.599957
0.599957
0.599957
0.599957
0.599957
0.599957
0.599957
0.599957
0.599957
0.599957
0.599957
0.599957
0.599957
0.599957
0.599957
0.599957
0.599957
0.599957
0.599957
0.599957
0.599957
0.599957
0.599957
0.599957
0.599957
0.599957
0.599957
0.599957
0.599957
0.599957
0.599957
0.599957
0.599957
0.599957
0.599957
0.599957
0.599957
0.599957
0.599957
0.599957
0.599957
0.599957
0.599957
0.599957
0.599957
0.599957
0.599957
0.599957
0.599957
0.599957
0.599957
0.599957
0.599957
0.599957
0.599957
0.599957
0.599957
0.599957
0.599957
0.599957
0.599957
0.599957
0.599957
0.599957
0.599957
0.599957
0.599957
0.599957
0.599957
0.599957
0.599957
0.599957
0.599957
0.599957
0.599957
0.599957
0.599957
0.599957
0.599957
0.599957
0.599957
0.599957
0.599957
0.599957
0.599957
0.599957
0.599957
0.599957
0.599957
0.599957
0.599957
0.599957
0.599957
0.599957
0.599957
0.599957
0.599957
0.599957
0.599957
0.599957
0.599957
0.599957
0.599957
0.599957
0.599957
0.599957
0.599957
0.599957
0.599957
0.599957
0.599957
0.599957
0.599957
0.599957
0.599957
0.599957
0.599957
0.599957
0.599957
0.599957
0.599957
0.599957
0.599957
0.599957
0.599957
0.599957
0.599957
0.599957
0.599957
0.599957
0.599957
0.599957
0.599957
0.599957
0.599957
0.599957
0.599957
0.599957
0.599957
0.599957
0.599957
0.599957
0.599957
0.599957
0.599957
0.599957
0.599957
0.599957
0.599957
0.599957
0.599957
0.599957
0.599957
0.599957
0.599957
0.599957
0.599957
0.599957
0.599957
0.599957
0.599957
0.599957
0.599957
0.599957
0.599957
0.599957
0.599957
0.599957
0.599957
0.599957
0.599957
0.599957
0.599957
0.599957
0.599957
0.599957
0.599957
0.599957
0.599957
0.599957
0.599957
0.599957
0.599957
0.599957
0.599957
0.599957
0.599957
0.599957
0.599957
0.599957
0.599957
0.599957
0.599957
0.599957
0.599957
0.599957
0.599957
0.599957
0.599957
0.599957
0.599957
0.599957
0.599957
0.599957
0.599957
0.599957
0.599957
0.599957
0.599957
0.599957
0.599957
0.599957
0.599957
0.599957
0.599957
0.599957
0.599957
0.599957
0.599957
0.599957
0.599957
0.599957
0.599957
0.599957
0.599957
0.599957
0.599957
0.599957
0.599957
0.599957
0.599957
0.599957
0.599957
0.599957
0.599957
0.599957
0.599957
0.599957
0.599957
0.599957
0.599957
0.599957
0.599957
0.599957
0.599957
0.599957
0.599957
0.599957
0.599957
0.599957
0.599957
0.599957
0.599957
0.599957
0.599957
0.599957
0.599957
0.599957
0.599957
0.599957
0.599957
0.599957
0.599957
0.599957
0.599957
0.599957
0.599957
0.599957
0.599957
0.599957
0.599957
0.599957
0.599957
0.599957
0.599957
0.599957
0.599957
0.599957
0.599957
0.599957
0.599957
0.599957
0.599957
0.599957
0.599957
0.599957
0.599957
0.599957
0.599957
0.599957
0.599957
0.599957
0.599957
0.599957
0.599957
0.599957
0.599957
0.599957
0.599957
0.599957
0.599957
0.599957
0.599957
0.599957
0.599957
0.599957
0.599957
0.599957
0.599957
0.599957
0.599957
0.599957
0.599957
0.599957
0.599957
0.599957
0.599957
0.599957
0.599957
0.599957
0.599957
0.599957
0.599957
0.599957
0.599957
0.599957
0.599957
0.599957
0.599957
0.599957
0.599957
0.599957
0.599957
0.599957
0.599957
0.599957
0.599957
0.599957
0.599957
0.599957
0.599957
0.599957
0.599957
0.599957
0.599957
0.599957
0.599957
0.599957
0.599957
0.599957
0.599957
0.599957
0.599957
0.599957
0.599957
0.599957
0.599957
0.599957
0.599957
0.599957
0.599957
0.599957
0.599957
0.599957
0.599957
0.599957
0.599957
0.599957
0.599957
0.599957
0.599957
0.599957
0.599957
0.599957
0.599957
0.599957
0.599957
0.599957
0.599957
0.599957
0.599957
0.599957
0.599957
0.599957
0.599957
0.599957
0.599957
0.599957
0.599957
0.599957
0.599957
0.599957
0.599957
0.599957
0.599957
0.599957
0.599957
0.599957
0.599957
0.599957
0.599957
0.599957
0.599957
0.599957
0.599957
0.599957
0.599957
0.599957
0.599957
0.599957
0.599957
0.599957
0.599957
0.599957
0.599957
0.599957
0.599957
0.599957
0.599957
0.599957
0.599957
0.599957
0.599957
0.599957
0.599957
0.599957
0.599957
0.599957
0.599957
0.599957
0.599957
0.599957
0.599957
0.599957
0.599957
0.599957
0.599957
0.599957
0.599957
0.599957
0.599957
0.599957
0.599957
0.599957
0.599957
0.599957
0.599957
0.599957
0.599957
0.599957
0.599957
0.599957
0.599957
0.599957
0.599957
0.599957
0.599957
0.599957
0.599957
0.599957
0.599957
0.599957
0.599957
0.599957
0.599957
0.599957
0.599957
0.599957
0.599957
0.599957
0.599957
0.599957
0.599957
0.599957
0.599957
0.599957
0.599957
0.599957
0.599957
0.599957
0.599957
0.599957
0.599957
0.599957
0.599957
0.599957
0.599957
0.599957
0.599957
0.599957
0.599957
0.599957
0.599957
0.599957
0.599957
0.599957
0.599957
0.599957
0.599957
0.599957
0.599957
0.599957
0.599957
0.599957
0.599957
0.599957
0.599957
0.599957
0.599957
0.599957
0.599957
0.599957
0.599957
0.599957
0.599957
0.599957
0.599957
0.599957
0.599957
0.599957
0.599957
0.599957
0.599957
0.599957
0.599957
0.599957
0.599957
0.599957
0.599957
0.599957
0.599957
0.599957
0.599957
0.599957
0.599957
0.599957
0.599957
0.599957
0.599957
0.599957
0.599957
0.599957
0.599957
0.599957
0.599957
0.599957
0.599957
0.599957
0.599957
0.599957
0.599957
0.599957
0.599957
0.599957
0.599957
0.599957
0.599957
0.599957
0.599957
0.599957
0.599957
0.599957
0.599957
0.599957
0.599957
0.599957
0.599957
0.599957
0.599957
0.599957
0.599957
0.599957
0.599957
0.599957
0.599957
0.599957
0.599957
0.599957
0.599957
0.599957
0.599957
0.599957
0.599957
0.599957
0.599957
0.599957
0.599957
0.599957
0.599957
0.599957
0.599957
0.599957
0.599957
0.599957
0.599957
0.599957
0.599957
0.599957
0.599957
0.599957
0.599957
0.599957
0.599957
0.599957
0.599957
0.599957
0.599957
0.599957
0.599957
0.599957
0.599957
0.599957
0.599957
0.599957
0.599957
0.599957
0.599957
0.599957
0.599957
0.599957
0.599957
0.599957
0.599957
0.599957
0.599957
0.599957
0.599957
0.599957
0.599957
0.599957
0.599957
0.599957
0.599957
0.599957
0.599957
0.599957
0.599957
0.599957
0.599957
0.599957
0.599957
0.599957
0.599957
0.599957
0.599957
0.599957
0.599957
0.599957
0.599957
0.599957
0.599957
0.599957
0.599957
0.599957
0.599957
0.599957
0.599957
0.599957
0.599957
0.599957
0.599957
0.599957
0.599957
0.599957
0.599957
0.599957
0.599957
0.599957
0.599957
0.599957
0.599957
0.599957
0.599957
0.599957
0.599957
0.599957
0.599957
0.599957
0.599957
0.599957
0.599957
0.599957
0.599957
0.599957
0.599957
0.599957
0.599957
0.599957
0.599957
0.599957
0.599957
0.599957
0.599957
0.599957
0.599957
0.599957
0.599957
0.599957
0.599957
0.599957
0.599957
0.599957
0.599957
0.599957
0.599957
0.599957
0.599957
0.599957
0.599957
0.599957
0.599957
0.599957
0.599957
0.599957
0.599957
0.599957
0.599957
0.599957
0.599957
0.599957
0.599957
0.599957
0.599957
0.599957
0.599957
0.599957
0.599957
0.599957
0.599957
0.599957
0.599957
0.599957
0.599957
0.599957
0.599957
0.599957
0.599957
0.599957
0.599957
0.599957
0.599957
0.599957
0.599957
0.599957
0.599957
0.599957
0.599957
0.599957
0.599957
0.599957
0.599957
0.599957
0.599957
0.599957
0.599957
0.599957
0.599957
0.599957
0.599957
0.599957
0.599957
0.599957
0.599957
0.599957
0.599957
0.599957
0.599957
0.599957
0.599957
0.599957
0.599957
0.599957
0.599957
0.599957
0.599957
0.599957
0.599957
0.599957
0.599957
0.599957
0.599957
0.599957
0.599957
0.599957
0.599957
0.599957
0.599957
0.599957
0.599957
0.599957
0.599957
0.599957
0.599957
0.599957
0.599957
0.599957
0.599957
0.599957
0.599957
0.599957
0.599957
0.599957
0.599957
0.599957
0.599957
0.599957
0.599957
0.599957
0.599957
0.599957
0.599957
0.599957
0.599957
0.599957
0.599957
0.599957
0.599957
0.599957
0.599957
0.599957
0.599957
0.599957
0.599957
0.599957
0.599957
0.599957
0.599957
0.599957
0.599957
0.599957
0.599957
0.599957
0.599957
0.599957
0.599957
0.599957
0.599957
0.599957
0.599957
0.599957
0.599957
0.599957
0.599957
0.599957
0.599957
0.599957
0.599957
0.599957
0.599957
0.599957
0.599957
0.599957
0.599957
0.599957
0.599957
0.599957
0.599957
0.599957
0.599957
0.599957
0.599957
0.599957
0.599957
0.599957
0.599957
0.599957
0.599957
0.599957
0.599957
0.599957
0.599957
0.599957
0.599957
0.599957
0.599957
0.599957
0.599957
0.599957
0.599957
0.599957
0.599957
0.599957
0.599957
0.599957
0.599957
0.599957
0.599957
0.599957
0.599957
0.599957
0.599957
0.599957
0.599957
0.599957
0.599957
0.599957
0.599957
0.599957
0.599957
0.599957
0.599957
0.599957
0.599957
0.599957
0.599957
0.599957
0.599957
0.599957
0.599957
0.599957
0.599957
0.599957
0.599957
0.599957
0.599957
0.599957
0.599957
0.599957
0.599957
0.599957
0.599957
0.599957
0.599957
0.599957
0.599957
0.599957
0.599957
0.599957
0.599957
0.599957
0.599957
0.599957
0.599957
0.599957
0.599957
0.599957
0.599957
0.599957
0.599957
0.599957
0.599957
0.599957
0.599957
0.599957
0.599957
0.599957
0.599957
0.599957
0.599957
0.599957
0.599957
0.599957
0.599957
0.599957
0.599957
0.599957
0.599957
0.599957
0.599957
0.599957
0.599957
0.599957
0.599957
0.599957
0.599957
0.599957
0.599957
0.599957
0.599957
0.599957
0.599957
0.599957
0.599957
0.599957
0.599957
0.599957
0.599957
0.599957
0.599957
0.599957
0.599957
0.599957
0.599957
0.599957
0.599957
0.599957
0.599957
0.599957
0.599957
0.599957
0.599957
0.599957
0.599957
0.599957
0.599957
0.599957
0.599957
0.599957
0.599957
0.599957
0.599957
0.599957
0.599957
0.599957
0.599957
0.599957
0.599957
0.599957
0.599957
0.599957
0.599957
0.599957
0.599957
0.599957
0.599957
0.599957
0.599957
0.599957
0.599957
0.599957
0.599957
0.599957
0.599957
0.599957
0.599957
0.599957
0.599957
0.599957
0.599957
0.599957
0.599957
0.599957
0.599957
0.599957
0.599957
0.599957
0.599957
0.599957
0.599957
0.599957
0.599957
0.599957
0.599957
0.599957
0.599957
0.599957
0.599957
0.599957
0.599957
0.599957
0.599957
0.599957
0.599957
0.599957
0.599957
0.599957
0.599957
0.599957
0.599957
0.599957
0.599957
0.599957
0.599957
0.599957
0.599957
0.599957
0.599957
0.599957
0.599957
0.599957
0.599957
0.599957
0.599957
0.599957
0.599957
0.599957
0.599957
0.599957
0.599957
0.599957
0.599957
0.599957
0.599957
0.599957
0.599957
0.599957
0.599957
0.599957
0.599957
0.599957
0.599957
0.599957
0.599957
0.599957
0.599957
0.599957
0.599957
0.599957
0.599957
0.599957
0.599957
0.599957
0.599957
0.599957
0.599957
0.599957
0.599957
0.599957
0.599957
0.599957
0.599957
0.599957
0.599957
0.599957
0.599957
0.599957
0.599957
0.599957
0.599957
0.599957
0.599957
0.599957
0.599957
0.599957
0.599957
0.599957
0.599957
0.599957
0.599957
0.599957
0.599957
0.599957
0.599957
0.599957
0.599957
0.599957
0.599957
0.599957
0.599957
0.599957
0.599957
0.599957
0.599957
0.599957
0.599957
0.599957
0.599957
0.599957
0.599957
0.599957
0.599957
0.599957
0.599957
0.599957
0.599957
0.599957
0.599957
0.599957
0.599957
0.599957
0.599957
0.599957
0.599957
0.599957
0.599957
0.599957
0.599957
0.599957
0.599957
0.599957
0.599957
0.599957
0.599957
0.599957
0.599957
0.599957
0.599957
0.599957
0.599957
0.599957
0.599957
0.599957
0.599957
0.599957
0.599957
0.599957
0.599957
0.599957
0.599957
0.599957
0.599957
0.599957
0.599957
0.599957
0.599957
0.599957
0.599957
0.599957
0.599957
0.599957
0.599957
0.599957
0.599957
0.599957
0.599957
0.599957
0.599957
0.599957
0.599957
0.599957
0.599957
0.599957
0.599957
0.599957
0.599957
0.599957
0.599957
0.599957
0.599957
0.599957
0.599957
0.599957
0.599957
0.599957
0.599957
0.599957
0.599957
0.599957
0.599957
0.599957
0.599957
0.599957
0.599957
0.599957
0.599957
0.599957
0.599957
0.599957
0.599957
0.599957
0.599957
0.599957
0.599957
0.599957
0.599957
0.599957
0.599957
0.599957
0.599957
0.599957
0.599957
0.599957
0.599957
0.599957
0.599957
0.599957
0.599957
0.599957
0.599957
0.599957
0.599957
0.599957
0.599957
0.599957
0.599957
0.599957
0.599957
0.599957
0.599957
0.599957
0.599957
0.599957
0.599957
0.599957
0.599957
0.599957
0.599957
0.599957
0.599957
0.599957
0.599957
0.599957
0.599957
0.599957
0.599957
0.599957
0.599957
0.599957
0.599957
0.599957
0.599957
0.599957
0.599957
0.599957
0.599957
0.599957
0.599957
0.599957
0.599957
0.599957
0.599957
0.599957
0.599957
0.599957
0.599957
0.599957
0.599957
0.599957
0.599957
0.599957
0.599957
0.599957
0.599957
0.599957
0.599957
0.599957
0.599957
0.599957
0.599957
0.599957
0.599957
0.599957
0.599957
0.599957
0.599957
0.599957
0.599957
0.599957
0.599957
0.599957
0.599957
0.599957
0.599957
0.599957
0.599957
0.599957
0.599957
0.599957
0.599957
0.599957
0.599957
0.599957
0.599957
0.599957
0.599957
0.599957
0.599957
0.599957
0.599957
0.599957
0.599957
0.599957
0.599957
0.599957
0.599957
0.599957
0.599957
0.599957
0.599957
0.599957
0.599957
0.599957
0.599957
0.599957
0.599957
0.599957
0.599957
0.599957
0.599957
0.599957
0.599957
0.599957
0.599957
0.599957
0.599957
0.599957
0.599957
0.599957
0.599957
0.599957
0.599957
0.599957
0.599957
0.599957
0.599957
0.599957
0.599957
0.599957
0.599957
0.599957
0.599957
0.599957
0.599957
0.599957
0.599957
0.599957
0.599957
0.599957
0.599957
0.599957
0.599957
0.599957
0.599957
0.599957
0.599957
0.599957
0.599957
0.599957
0.599957
0.599957
0.599957
0.599957
0.599957
0.599957
0.599957
0.599957
0.599957
0.599957
0.599957
0.599957
0.599957
0.599957
0.599957
0.599957
0.599957
0.599957
0.599957
0.599957
0.599957
0.599957
0.599957
0.599957
0.599957
0.599957
0.599957
0.599957
0.599957
0.599957
0.599957
0.599957
0.599957
0.599957
0.599957
0.599957
0.599957
0.599957
0.599957
0.599957
0.599957
0.599957
0.599957
0.599957
0.599957
0.599957
0.599957
0.599957
0.599957
0.599957
0.599957
0.599957
0.599957
0.599957
0.599957
0.599957
0.599957
0.599957
0.599957
0.599957
0.599957
0.599957
0.599957
0.599957
0.599957
0.599957
0.599957
0.599957
0.599957
0.599957
0.599957
0.599957
0.599957
0.599957
0.599957
0.599957
0.599957
0.599957
0.599957
0.599957
0.599957
0.599957
0.599957
0.599957
0.599957
0.599957
0.599957
0.599957
0.599957
0.599957
0.599957
0.599957
0.599957
0.599957
0.599957
0.599957
0.599957
0.599957
0.599957
0.599957
0.599957
0.599957
0.599957
0.599957
0.599957
0.599957
0.599957
0.599957
0.599957
0.599957
0.599957
0.599957
0.599957
0.599957
0.599957
0.599957
0.599957
0.599957
0.599957
0.599957
0.599957
0.599957
0.599957
0.599957
0.599957
0.599957
0.599957
0.599957
0.599957
0.599957
0.599957
0.599957
0.599957
0.599957
0.599957
0.599957
0.599957
0.599957
0.599957
0.599957
0.599957
0.599957
0.599957
0.599957
0.599957
0.599957
0.599957
0.599957
0.599957
0.599957
0.599957
0.599957
0.599957
0.599957
0.599957
0.599957
0.599957
0.599957
0.599957
0.599957
0.599957
0.599957
0.599957
0.599957
0.599957
0.599957
0.599957
0.599957
0.599957
0.599957
0.599957
0.599957
0.599957
0.599957
0.599957
0.599957
0.599957
0.599957
0.599957
0.599957
0.599957
0.599957
0.599957
0.599957
0.599957
0.599957
0.599957
0.599957
0.599957
0.599957
0.599957
0.599957
0.599957
0.599957
0.599957
0.599957
0.599957
0.599957
0.599957
0.599957
0.599957
0.599957
0.599957
0.599957
0.599957
0.599957
0.599957
0.599957
0.599957
0.599957
0.599957
0.599957
0.599957
0.599957
0.599957
0.599957
0.599957
0.599957
0.599957
0.599957
0.599957
0.599957
0.599957
0.599957
0.599957
0.599957
0.599957
0.599957
0.599957
0.599957
0.599957
0.599957
0.599957
0.599957
0.599957
0.599957
0.599957
0.599957
0.599957
0.599957
0.599957
0.599957
0.599957
0.599957
0.599957
0.599957
0.599957
0.599957
0.599957
0.599957
0.599957
0.599957
0.599957
0.599957
0.599957
0.599957
0.599957
0.599957
0.599957
0.599957
0.599957
0.599957
0.599957
0.599957
0.599957
0.599957
0.599957
0.599957
0.599957
0.599957
0.599957
0.599957
0.599957
0.599957
0.599957
0.599957
0.599957
0.599957
0.599957
0.599957
0.599957
0.599957
0.599957
0.599957
0.599957
0.599957
0.599957
0.599957
0.599957
0.599957
0.599957
0.599957
0.599957
0.599957
0.599957
0.599957
0.599957
0.599957
0.599957
0.599957
0.599957
0.599957
0.599957
0.599957
0.599957
0.599957
0.599957
0.599957
0.599957
0.599957
0.599957
0.599957
0.599957
0.599957
0.599957
0.599957
0.599957
0.599957
0.599957
0.599957
0.599957
0.599957
0.599957
0.599957
0.599957
0.599957
0.599957
0.599957
0.599957
0.599957
0.599957
0.599957
0.599957
0.599957
0.599957
0.599957
0.599957
0.599957
0.599957
0.599957
0.599957
0.599957
0.599957
0.599957
0.599957
0.599957
0.599957
0.599957
0.599957
0.599957
0.599957
0.599957
0.599957
0.599957
0.599957
0.599957
0.599957
0.599957
0.599957
0.599957
0.599957
0.599957
0.599957
0.599957
0.599957
0.599957
0.599957
0.599957
0.599957
0.599957
0.599957
0.599957
0.599957
0.599957
0.599957
0.599957
0.599957
0.599957
0.599957
0.599957
0.599957
0.599957
0.599957
0.599957
0.599957
0.599957
0.599957
0.599957
0.599957
0.599957
0.599957
0.599957
0.599957
0.599957
0.599957
0.599957
0.599957
0.599957
0.599957
0.599957
0.599957
0.599957
0.599957
0.599957
0.599957
0.599957
0.599957
0.599957
0.599957
0.599957
0.599957
0.599957
0.599957
0.599957
0.599957
0.599957
0.599957
0.599957
0.599957
0.599957
0.599957
0.599957
0.599957
0.599957
0.599957
0.599957
0.599957
0.599957
0.599957
0.599957
0.599957
0.599957
0.599957
0.599957
0.599957
0.599957
0.599957
0.599957
0.599957
0.599957
0.599957
0.599957
0.599957
0.599957
0.599957
0.599957
0.599957
0.599957
0.599957
0.599957
0.599957
0.599957
0.599957
0.599957
0.599957
0.599957
0.599957
0.599957
0.599957
0.599957
0.599957
0.599957
0.599957
0.599957
0.599957
0.599957
0.599957
0.599957
0.599957
0.599957
0.599957
0.599957
0.599957
0.599957
0.599957
0.599957
0.599957
0.599957
0.599957
0.599957
0.599957
0.599957
0.599957
0.599957
0.599957
0.599957
0.599957
0.599957
0.599957
0.599957
0.599957
0.599957
0.599957
0.599957
0.599957
0.599957
0.599957
0.599957
0.599957
0.599957
0.599957
0.599957
0.599957
0.599957
0.599957
0.599957
0.599957
0.599957
0.599957
0.599957
0.599957
0.599957
0.599957
0.599957
0.599957
0.599957
0.599957
0.599957
0.599957
0.599957
0.599957
0.599957
0.599957
0.599957
0.599957
0.599957
0.599957
0.599957
0.599957
0.599957
0.599957
0.599957
0.599957
0.599957
0.599957
0.599957
0.599957
0.599957
0.599957
0.599957
0.599957
0.599957
0.599957
0.599957
0.599957
0.599957
0.599957
0.599957
0.599957
0.599957
0.599957
0.599957
0.599957
0.599957
0.599957
0.599958
0.599655
0.599352
0.599049
0.598746
0.598443
0.59814
0.597837
0.597534
0.597231
0.596928
0.596625
0.596322
0.596019
0.595716
0.595412
0.595109
0.594806
0.594503
0.5942
0.593897
0.593594
0.593291
0.592988
0.592685
0.592382
0.592079
0.591776
0.591473
0.59117
0.590867
0.590564
0.590261
0.589958
0.589664
0.58937
0.589075
0.588781
0.588487
0.588193
0.587899
0.587605
0.587311
0.587017
0.586723
0.586429
0.586135
0.58584
0.585546
0.585252
0.584958
0.584664
0.58437
0.584076
0.583782
0.583488
0.583194
0.5829
0.582605
0.582311
0.582017
0.581723
0.581429
0.581135
0.580841
0.580547
0.580253
0.579959
0.579808
0.579656
0.579505
0.579353
0.579202
0.57905
0.578899
0.578747
0.578596
0.578444
0.578293
0.578141
0.57799
0.577838
0.577687
0.577535
0.577384
0.577232
0.577081
0.576929
0.576778
0.576626
0.576475
0.576323
0.576172
0.57602
0.575868
0.575717
0.575565
0.575414
0.575262
0.575111
0.574959
0.574808
0.574656
0.574505
0.574353
0.574202
0.57405
0.573899
0.573747
0.573596
0.573444
0.573293
0.573141
0.57299
0.572838
0.572687
0.572535
0.572384
0.572232
0.572081
0.571929
0.571778
0.571626
0.571475
0.571323
0.571172
0.57102
0.570868
0.570717
0.570565
0.570414
0.570262
0.570111
0.569959
0.569371
0.568783
0.568194
0.567606
0.567018
0.56643
0.565842
0.565253
0.564665
0.564077
0.563489
0.562901
0.562313
0.561724
0.561136
0.560548
0.55996
0.559372
0.558784
0.558195
0.557607
0.557019
0.556431
0.555843
0.555254
0.554666
0.554078
0.55349
0.552902
0.552314
0.551725
0.551137
0.550549
0.539962
0.539811
0.539659
0.539508
0.539356
0.539205
0.539053
0.538902
0.53875
0.538599
0.538447
0.538296
0.538144
0.537993
0.537841
0.53769
0.537538
0.537387
0.537235
0.537084
0.536932
0.53678
0.536629
0.536477
0.536326
0.536174
0.536023
0.535871
0.53572
0.535568
0.535417
0.535265
0.535114
0.534962
0.534811
0.534659
0.534508
0.534356
0.534205
0.534053
0.533902
0.53375
0.533599
0.533447
0.533296
0.533144
0.532993
0.532841
0.53269
0.532538
0.532387
0.532235
0.532084
0.531932
0.53178
0.531629
0.531477
0.531326
0.531174
0.531023
0.530871
0.53072
0.530568
0.530417
0.530265
0.530114
0.529962
0.529668
0.529374
0.52908
0.528786
0.528492
0.528198
0.527903
0.527609
0.527315
0.527021
0.526727
0.526433
0.526139
0.525845
0.525551
0.525257
0.524963
0.524668
0.524374
0.52408
0.523786
0.523492
0.523198
0.522904
0.52261
0.522316
0.522022
0.521728
0.521433
0.521139
0.520845
0.520551
0.520257
0.519964
0.519661
0.519358
0.519055
0.518752
0.518449
0.518146
0.517843
0.51754
0.517236
0.516933
0.51663
0.516327
0.516024
0.515721
0.515418
0.515115
0.514812
0.514509
0.514206
0.513903
0.5136
0.513297
0.512994
0.512691
0.512388
0.512085
0.511782
0.511479
0.511176
0.510873
0.51057
0.510267
0.489965
0.489965
0.489965
0.489965
0.489965
0.489965
0.489965
0.489965
0.489965
0.489965
0.489965
0.489965
0.489965
0.489965
0.489965
0.489965
0.489965
0.489965
0.489965
0.489965
0.489965
0.489965
0.489965
0.489965
0.489965
0.489965
0.489965
0.489965
0.489965
0.489965
0.489965
0.489965
0.489965
0.489965
0.489671
0.489377
0.489083
0.488789
0.488495
0.4882
0.487906
0.487612
0.487318
0.487024
0.48673
0.486436
0.486142
0.485848
0.485554
0.48526
0.484965
0.484671
0.484377
0.484083
0.483789
0.483495
0.483201
0.482907
0.482613
0.482319
0.482025
0.48173
0.481436
0.481142
0.480848
0.480554
0.48026
0.479966
0.479966
0.479966
0.479966
0.479966
0.479966
0.479966
0.479966
0.479966
0.479966
0.479966
0.479966
0.479966
0.479966
0.479966
0.479966
0.479966
0.479966
0.479966
0.479966
0.479966
0.479966
0.479966
0.479966
0.479966
0.479966
0.479966
0.479966
0.479966
0.479966
0.479966
0.479966
0.479966
0.459967
0.459967
0.459967
0.459967
0.459967
0.459967
0.459967
0.459967
0.459967
0.459967
0.459967
0.459967
0.459967
0.459967
0.459967
0.459967
0.459967
0.459967
0.459967
0.459967
0.459967
0.459967
0.459967
0.459967
0.459967
0.459967
0.459967
0.459967
0.459967
0.459967
0.459967
0.459967
0.459967
0.459967
0.459673
0.459379
0.459085
0.458791
0.458497
0.458203
0.457909
0.457614
0.45732
0.457026
0.456732
0.456438
0.456144
0.45585
0.455556
0.455262
0.454968
0.454674
0.454379
0.454085
0.453791
0.453497
0.453203
0.452909
0.452615
0.452321
0.452027
0.451733
0.451439
0.451144
0.45085
0.450556
0.450262
0.449968
0.449665
0.449362
0.449059
0.448756
0.448453
0.44815
0.447847
0.447544
0.447241
0.446938
0.446635
0.446332
0.446029
0.445726
0.445423
0.44512
0.444817
0.444514
0.444211
0.443908
0.443605
0.443302
0.442999
0.442696
0.442393
0.44209
0.441787
0.441484
0.441181
0.440878
0.440575
0.440272
0.439969
0.439969
0.439969
0.439969
0.439969
0.439969
0.439969
0.439969
0.439969
0.439969
0.439969
0.439969
0.439969
0.439969
0.439969
0.439969
0.439969
0.439969
0.439969
0.439969
0.439969
0.439969
0.439969
0.439969
0.439969
0.439969
0.439969
0.439969
0.439969
0.439969
0.439969
0.439969
0.439969
0.42997
0.42997
0.42997
0.42997
0.42997
0.42997
0.42997
0.42997
0.42997
0.42997
0.42997
0.42997
0.42997
0.42997
0.42997
0.42997
0.42997
0.42997
0.42997
0.42997
0.42997
0.42997
0.42997
0.42997
0.42997
0.42997
0.42997
0.42997
0.42997
0.42997
0.42997
0.42997
0.42997
0.42997
0.42997
0.42997
0.42997
0.42997
0.42997
0.42997
0.42997
0.42997
0.42997
0.42997
0.42997
0.42997
0.42997
0.42997
0.42997
0.42997
0.42997
0.42997
0.42997
0.42997
0.42997
0.42997
0.42997
0.42997
0.42997
0.42997
0.42997
0.42997
0.42997
0.42997
0.42997
0.42997
0.42997
0.41997
0.41997
0.41997
0.41997
0.41997
0.41997
0.41997
0.41997
0.41997
0.41997
0.41997
0.41997
0.41997
0.41997
0.41997
0.41997
0.41997
0.41997
0.41997
0.41997
0.41997
0.41997
0.41997
0.41997
0.41997
0.41997
0.41997
0.41997
0.41997
0.41997
0.41997
0.41997
0.41997
0.41997
0.41997
0.41997
0.41997
0.41997
0.41997
0.41997
0.41997
0.41997
0.41997
0.41997
0.41997
0.41997
0.41997
0.41997
0.41997
0.41997
0.41997
0.41997
0.41997
0.41997
0.41997
0.41997
0.41997
0.41997
0.41997
0.41997
0.41997
0.41997
0.41997
0.41997
0.41997
0.41997
0.41997
0.41997
0.419667
0.419364
0.419061
0.418758
0.418455
0.418152
0.417849
0.417546
0.417243
0.41694
0.416637
0.416334
0.416031
0.415728
0.415425
0.415122
0.414819
0.414516
0.414213
0.41391
0.413607
0.413304
0.413001
0.412698
0.412395
0.412092
0.411789
0.411486
0.411183
0.41088
0.410577
0.410274
0.409971
0.409668
0.409365
0.409062
0.408759
0.408456
0.408153
0.40785
0.407547
0.407244
0.406941
0.406638
0.406335
0.406032
0.405729
0.405426
0.405123
0.40482
0.404517
0.404214
0.403911
0.403608
0.403305
0.403002
0.402699
0.402396
0.402093
0.40179
0.401487
0.401184
0.400881
0.400578
0.400275
0.399972
0.399972
0.399972
0.399972
0.399972
0.399972
0.399972
0.399972
0.399972
0.399972
0.399972
0.399972
0.399972
0.399972
0.399972
0.399972
0.399972
0.399972
0.399972
0.399972
0.399972
0.399972
0.399972
0.399972
0.399972
0.399972
0.399972
0.399972
0.399972
0.399972
0.399972
0.399972
0.399972
0.399972
0.399972
0.399972
0.399972
0.399972
0.399972
0.399972
0.399972
0.399972
0.399972
0.399972
0.399972
0.399972
0.399972
0.399972
0.399972
0.399972
0.399972
0.399972
0.399972
0.399972
0.399972
0.399972
0.399972
0.399972
0.399972
0.399972
0.399972
0.399972
0.399972
0.399972
0.399972
0.399972
0.399972
0.389972
0.389972
0.389972
0.389972
0.389972
0.389972
0.389972
0.389972
0.389972
0.389972
0.389972
0.389972
0.389972
0.389972
0.389972
0.389972
0.389972
0.389972
0.389972
0.389972
0.389972
0.389972
0.389972
0.389972
0.389972
0.389972
0.389972
0.389972
0.389972
0.389972
0.389972
0.389972
0.389972
0.389972
0.389678
0.389384
0.38909
0.388796
0.388502
0.388208
0.387914
0.387619
0.387325
0.387031
0.386737
0.386443
0.386149
0.385855
0.385561
0.385267
0.384973
0.384679
0.384385
0.38409
0.383796
0.383502
0.383208
0.382914
0.38262
0.382326
0.382032
0.381738
0.381444
0.38115
0.380855
0.380561
0.380267
0.379973
0.379973
0.379973
0.379973
0.379973
0.379973
0.379973
0.379973
0.379973
0.379973
0.379973
0.379973
0.379973
0.379973
0.379973
0.379973
0.379973
0.379973
0.379973
0.379973
0.379973
0.379973
0.379973
0.379973
0.379973
0.379973
0.379973
0.379973
0.379973
0.379973
0.379973
0.379973
0.379973
0.379974
0.379368
0.378762
0.378156
0.377549
0.376943
0.376337
0.375731
0.375125
0.374519
0.373913
0.373307
0.372701
0.372095
0.371489
0.370883
0.370277
0.369671
0.369065
0.368459
0.367853
0.367247
0.366641
0.366035
0.365429
0.364823
0.364217
0.363611
0.363005
0.362399
0.361793
0.361187
0.360581
0.359975
0.359975
0.359975
0.359975
0.359975
0.359975
0.359975
0.359975
0.359975
0.359975
0.359975
0.359975
0.359975
0.359975
0.359975
0.359975
0.359975
0.359975
0.359975
0.359975
0.359975
0.359975
0.359975
0.359975
0.359975
0.359975
0.359975
0.359975
0.359975
0.359975
0.359975
0.359975
0.359975
0.349975
0.349975
0.349975
0.349975
0.349975
0.349975
0.349975
0.349975
0.349975
0.349975
0.349975
0.349975
0.349975
0.349975
0.349975
0.349975
0.349975
0.349975
0.349975
0.349975
0.349975
0.349975
0.349975
0.349975
0.349975
0.349975
0.349975
0.349975
0.349975
0.349975
0.349975
0.349975
0.349975
0.349975
0.349975
0.349672
0.349369
0.349066
0.348763
0.34846
0.348157
0.347854
0.347551
0.347248
0.346945
0.346642
0.346339
0.346036
0.345733
0.34543
0.345127
0.344824
0.344521
0.344218
0.343915
0.343612
0.343309
0.343006
0.342703
0.3424
0.342097
0.341794
0.341491
0.341188
0.340885
0.340582
0.340279
0.319978
0.319978
0.319978
0.319978
0.319978
0.319978
0.319978
0.319978
0.319978
0.319978
0.319978
0.319978
0.319978
0.319978
0.319978
0.319978
0.319978
0.319978
0.319978
0.319978
0.319978
0.319978
0.319978
0.319978
0.319978
0.319978
0.319978
0.319978
0.319978
0.319978
0.319978
0.319978
0.319978
0.309978
0.309978
0.309978
0.309978
0.309978
0.309978
0.309978
0.309978
0.309978
0.309978
0.309978
0.309978
0.309978
0.309978
0.309978
0.309978
0.309978
0.309978
0.309978
0.309978
0.309978
0.309978
0.309978
0.309978
0.309978
0.309978
0.309978
0.309978
0.309978
0.309978
0.309978
0.309978
0.309978
0.309978
0.28998
0.28998
0.28998
0.28998
0.28998
0.28998
0.28998
0.28998
0.28998
0.28998
0.28998
0.28998
0.28998
0.28998
0.28998
0.28998
0.28998
0.28998
0.28998
0.28998
0.28998
0.28998
0.28998
0.28998
0.28998
0.28998
0.28998
0.28998
0.28998
0.28998
0.28998
0.28998
0.28998
0.28998
0.28998
0.28998
0.28998
0.28998
0.28998
0.28998
0.28998
0.28998
0.28998
0.28998
0.28998
0.28998
0.28998
0.28998
0.28998
0.28998
0.28998
0.28998
0.28998
0.28998
0.28998
0.28998
0.28998
0.28998
0.28998
0.28998
0.28998
0.28998
0.28998
0.28998
0.28998
0.28998
0.28998
0.28998
0.28998
0.28998
0.28998
0.28998
0.28998
0.28998
0.28998
0.28998
0.28998
0.28998
0.28998
0.28998
0.28998
0.28998
0.28998
0.28998
0.28998
0.28998
0.28998
0.28998
0.28998
0.28998
0.28998
0.28998
0.28998
0.28998
0.28998
0.28998
0.28998
0.28998
0.28998
0.28998
0.27998
0.27998
0.27998
0.27998
0.27998
0.27998
0.27998
0.27998
0.27998
0.27998
0.27998
0.27998
0.27998
0.27998
0.27998
0.27998
0.27998
0.27998
0.27998
0.27998
0.27998
0.27998
0.27998
0.27998
0.27998
0.27998
0.27998
0.27998
0.27998
0.27998
0.27998
0.27998
0.27998
0.269981
0.269981
0.269981
0.269981
0.269981
0.269981
0.269981
0.269981
0.269981
0.269981
0.269981
0.269981
0.269981
0.269981
0.269981
0.269981
0.269981
0.269981
0.269981
0.269981
0.269981
0.269981
0.269981
0.269981
0.269981
0.269981
0.269981
0.269981
0.269981
0.269981
0.269981
0.269981
0.269981
0.259982
0.259982
0.259982
0.259982
0.259982
0.259982
0.259982
0.259982
0.259982
0.259982
0.259982
0.259982
0.259982
0.259982
0.259982
0.259982
0.259982
0.259982
0.259982
0.259982
0.259982
0.259982
0.259982
0.259982
0.259982
0.259982
0.259982
0.259982
0.259982
0.259982
0.259982
0.259982
0.259982
0.259982
0.239983
0.239983
0.239983
0.239983
0.239983
0.239983
0.239983
0.239983
0.239983
0.239983
0.239983
0.239983
0.239983
0.239983
0.239983
0.239983
0.239983
0.239983
0.239983
0.239983
0.239983
0.239983
0.239983
0.239983
0.239983
0.239983
0.239983
0.239983
0.239983
0.239983
0.239983
0.239983
0.239983
0.239984
0.239681
0.239378
0.239074
0.238771
0.238468
0.238165
0.237862
0.237559
0.237256
0.236953
0.23665
0.236347
0.236044
0.235741
0.235438
0.235135
0.234832
0.234529
0.234226
0.233923
0.23362
0.233317
0.233014
0.232711
0.232408
0.232105
0.231802
0.231499
0.231196
0.230893
0.23059
0.230287
0.229984
0.229984
0.229984
0.229984
0.229984
0.229984
0.229984
0.229984
0.229984
0.229984
0.229984
0.229984
0.229984
0.229984
0.229984
0.229984
0.229984
0.229984
0.229984
0.229984
0.229984
0.229984
0.229984
0.229984
0.229984
0.229984
0.229984
0.229984
0.229984
0.229984
0.229984
0.229984
0.229984
0.229984
0.219985
0.219985
0.219985
0.219985
0.219985
0.219985
0.219985
0.219985
0.219985
0.219985
0.219985
0.219985
0.219985
0.219985
0.219985
0.219985
0.219985
0.219985
0.219985
0.219985
0.219985
0.219985
0.219985
0.219985
0.219985
0.219985
0.219985
0.219985
0.219985
0.219985
0.219985
0.219985
0.219985
0.219985
0.219985
0.219985
0.219985
0.219985
0.219985
0.219985
0.219985
0.219985
0.219985
0.219985
0.219985
0.219985
0.219985
0.219985
0.219985
0.219985
0.219985
0.219985
0.219985
0.219985
0.219985
0.219985
0.219985
0.219985
0.219985
0.219985
0.219985
0.219985
0.219985
0.219985
0.219985
0.219985
0.209985
0.209985
0.209985
0.209985
0.209985
0.209985
0.209985
0.209985
0.209985
0.209985
0.209985
0.209985
0.209985
0.209985
0.209985
0.209985
0.209985
0.209985
0.209985
0.209985
0.209985
0.209985
0.209985
0.209985
0.209985
0.209985
0.209985
0.209985
0.209985
0.209985
0.209985
0.209985
0.209985
0.209985
0.209986
0.209683
0.20938
0.209077
0.208774
0.208471
0.208168
0.207865
0.207562
0.207259
0.206956
0.206653
0.20635
0.206047
0.205744
0.20544
0.205137
0.204834
0.204531
0.204228
0.203925
0.203622
0.203319
0.203016
0.202713
0.20241
0.202107
0.201804
0.201501
0.201198
0.200895
0.200592
0.200289
0.199986
0.199986
0.199986
0.199986
0.199986
0.199986
0.199986
0.199986
0.199986
0.199986
0.199986
0.199986
0.199986
0.199986
0.199986
0.199986
0.199986
0.199986
0.199986
0.199986
0.199986
0.199986
0.199986
0.199986
0.199986
0.199986
0.199986
0.199986
0.199986
0.199986
0.199986
0.199986
0.199986
0.199986
0.199692
0.199398
0.199104
0.19881
0.198516
0.198221
0.197927
0.197633
0.197339
0.197045
0.196751
0.196457
0.196163
0.195869
0.195575
0.195281
0.194986
0.194692
0.194398
0.194104
0.19381
0.193516
0.193222
0.192928
0.192634
0.19234
0.192046
0.191751
0.191457
0.191163
0.190869
0.190575
0.190281
0.189987
0.189987
0.189987
0.189987
0.189987
0.189987
0.189987
0.189987
0.189987
0.189987
0.189987
0.189987
0.189987
0.189987
0.189987
0.189987
0.189987
0.189987
0.189987
0.189987
0.189987
0.189987
0.189987
0.189987
0.189987
0.189987
0.189987
0.189987
0.189987
0.189987
0.189987
0.189987
0.189987
0.179988
0.179988
0.179988
0.179988
0.179988
0.179988
0.179988
0.179988
0.179988
0.179988
0.179988
0.179988
0.179988
0.179988
0.179988
0.179988
0.179988
0.179988
0.179988
0.179988
0.179988
0.179988
0.179988
0.179988
0.179988
0.179988
0.179988
0.179988
0.179988
0.179988
0.179988
0.179988
0.179988
0.179987
0.179693
0.179399
0.179105
0.178811
0.178517
0.178223
0.177929
0.177635
0.177341
0.177047
0.176752
0.176458
0.176164
0.17587
0.175576
0.175282
0.174988
0.174694
0.1744
0.174106
0.173812
0.173517
0.173223
0.172929
0.172635
0.172341
0.172047
0.171753
0.171459
0.171165
0.170871
0.170577
0.170282
0.169988
0.169988
0.169988
0.169988
0.169988
0.169988
0.169988
0.169988
0.169988
0.169988
0.169988
0.169988
0.169988
0.169988
0.169988
0.169988
0.169988
0.169988
0.169988
0.169988
0.169988
0.169988
0.169988
0.169988
0.169988
0.169988
0.169988
0.169988
0.169988
0.169988
0.169988
0.169988
0.169988
0.14999
0.14999
0.14999
0.14999
0.14999
0.14999
0.14999
0.14999
0.14999
0.14999
0.14999
0.14999
0.14999
0.14999
0.14999
0.14999
0.14999
0.14999
0.14999
0.14999
0.14999
0.14999
0.14999
0.14999
0.14999
0.14999
0.14999
0.14999
0.14999
0.14999
0.14999
0.14999
0.14999
0.14999
0.149696
0.149401
0.149107
0.148813
0.148519
0.148225
0.147931
0.147637
0.147343
0.147049
0.146755
0.146461
0.146166
0.145872
0.145578
0.145284
0.14499
0.144696
0.144402
0.144108
0.143814
0.14352
0.143226
0.142931
0.142637
0.142343
0.142049
0.141755
0.141461
0.141167
0.140873
0.140579
0.140285
0.139991
0.139991
0.139991
0.139991
0.139991
0.139991
0.139991
0.139991
0.139991
0.139991
0.139991
0.139991
0.139991
0.139991
0.139991
0.139991
0.139991
0.139991
0.139991
0.139991
0.139991
0.139991
0.139991
0.139991
0.139991
0.139991
0.139991
0.139991
0.139991
0.139991
0.139991
0.139991
0.139991
0.139991
0.139991
0.139991
0.139991
0.139991
0.139991
0.139991
0.139991
0.139991
0.139991
0.139991
0.139991
0.139991
0.139991
0.139991
0.139991
0.139991
0.139991
0.139991
0.139991
0.139991
0.139991
0.139991
0.139991
0.139991
0.139991
0.139991
0.139991
0.139991
0.139991
0.139991
0.139991
0.139991
0.129991
0.129991
0.129991
0.129991
0.129991
0.129991
0.129991
0.129991
0.129991
0.129991
0.129991
0.129991
0.129991
0.129991
0.129991
0.129991
0.129991
0.129991
0.129991
0.129991
0.129991
0.129991
0.129991
0.129991
0.129991
0.129991
0.129991
0.129991
0.129991
0.129991
0.129991
0.129991
0.129991
0.129991
0.129991
0.129688
0.129385
0.129082
0.128779
0.128476
0.128173
0.12787
0.127567
0.127264
0.126961
0.126658
0.126355
0.126052
0.125749
0.125446
0.125143
0.12484
0.124537
0.124234
0.123931
0.123628
0.123325
0.123022
0.122719
0.122416
0.122113
0.12181
0.121507
0.121204
0.120901
0.120598
0.120295
0.119992
0.119689
0.119386
0.119083
0.11878
0.118477
0.118174
0.117871
0.117568
0.117265
0.116962
0.116659
0.116356
0.116053
0.11575
0.115447
0.115144
0.114841
0.114538
0.114235
0.113932
0.113629
0.113326
0.113023
0.11272
0.112417
0.112114
0.111811
0.111508
0.111205
0.110902
0.110599
0.110296
0.109993
0.109699
0.109405
0.10911
0.108816
0.108522
0.108228
0.107934
0.10764
0.107346
0.107052
0.106758
0.106464
0.106169
0.105875
0.105581
0.105287
0.104993
0.104699
0.104405
0.104111
0.103817
0.103523
0.103229
0.102934
0.10264
0.102346
0.102052
0.101758
0.101464
0.10117
0.100876
0.100582
0.100288
0.0899942
0.0899942
0.0899942
0.0899942
0.0899942
0.0899942
0.0899942
0.0899942
0.0899942
0.0899942
0.0899942
0.0899942
0.0899942
0.0899942
0.0899942
0.0899942
0.0899942
0.0899942
0.0899942
0.0899942
0.0899942
0.0899942
0.0899942
0.0899942
0.0899942
0.0899942
0.0899942
0.0899942
0.0899942
0.0899942
0.0899942
0.0899942
0.0899942
0.0899942
0.0899942
0.0899942
0.0899942
0.0899942
0.0899942
0.0899942
0.0899942
0.0899942
0.0899942
0.0899942
0.0899942
0.0899942
0.0899942
0.0899942
0.0899942
0.0899942
0.0899942
0.0899942
0.0899942
0.0899942
0.0899942
0.0899942
0.0899942
0.0899942
0.0899942
0.0899942
0.0899942
0.0899942
0.0899942
0.0899942
0.0899942
0.0899942
0.0799949
0.0797008
0.0794067
0.0791126
0.0788185
0.0785244
0.0782304
0.0779363
0.0776422
0.0773481
0.077054
0.0767599
0.0764658
0.0761717
0.0758776
0.0755835
0.0752894
0.0749953
0.0747012
0.0744071
0.074113
0.0738189
0.0735248
0.0732307
0.0729366
0.0726425
0.0723484
0.0720543
0.0717602
0.0714661
0.071172
0.0708779
0.0705838
0.0702897
0.0599964
0.0599964
0.0599964
0.0599964
0.0599964
0.0599964
0.0599964
0.0599964
0.0599964
0.0599964
0.0599964
0.0599964
0.0599964
0.0599964
0.0599964
0.0599964
0.0599964
0.0599964
0.0599964
0.0599964
0.0599964
0.0599964
0.0599964
0.0599964
0.0599964
0.0599964
0.0599964
0.0599964
0.0599964
0.0599964
0.0599964
0.0599964
0.0599964
0.0499971
0.0499971
0.0499971
0.0499971
0.0499971
0.0499971
0.0499971
0.0499971
0.0499971
0.0499971
0.0499971
0.0499971
0.0499971
0.0499971
0.0499971
0.0499971
0.0499971
0.0499971
0.0499971
0.0499971
0.0499971
0.0499971
0.0499971
0.0499971
0.0499971
0.0499971
0.0499971
0.0499971
0.0499971
0.0499971
0.0499971
0.0499971
0.0499971
0.0499971
0.0499971
0.0499971
0.0499971
0.0499971
0.0499971
0.0499971
0.0499971
0.0499971
0.0499971
0.0499971
0.0499971
0.0499971
0.0499971
0.0499971
0.0499971
0.0499971
0.0499971
0.0499971
0.0499971
0.0499971
0.0499971
0.0499971
0.0499971
0.0499971
0.0499971
0.0499971
0.0499971
0.0499971
0.0499971
0.0499971
0.0499971
0.0499971
0.0499971
0.0299985
0.0299985
0.0299985
0.0299985
0.0299985
0.0299985
0.0299985
0.0299985
0.0299985
0.0299985
0.0299985
0.0299985
0.0299985
0.0299985
0.0299985
0.0299985
0.0299985
0.0299985
0.0299985
0.0299985
0.0299985
0.0299985
0.0299985
0.0299985
0.0299985
0.0299985
0.0299985
0.0299985
0.0299985
0.0299985
0.0299985
0.0299985
0.0299985
0.0199993
0.0199993
0.0199993
0.0199993
0.0199993
0.0199993
0.0199993
0.0199993
0.0199993
0.0199993
0.0199993
0.0199993
0.0199993
0.0199993
0.0199993
0.0199993
0.0199993
0.0199993
0.0199993
0.0199993
0.0199993
0.0199993
0.0199993
0.0199993
0.0199993
0.0199993
0.0199993
0.0199993
0.0199993
0.0199993
0.0199993
0.0199993
0.0199993
0.0199993
0.0199993
0.0199993
0.0199993
0.0199993
0.0199993
0.0199993
0.0199993
0.0199993
0.0199993
0.0199993
0.0199993
0.0199993
0.0199993
0.0199993
0.0199993
0.0199993
0.0199993
0.0199993
0.0199993
0.0199993
0.0199993
0.0199993
0.0199993
0.0199993
0.0199993
0.0199993
0.0199993
0.0199993
0.0199993
0.0199993
0.0199993
0.0199993
0.0199993
0.00999999
0.00999999
0.00999999
0.00999999
0.00999999
0.00999999
0.00999999
0.00999999
0.00999999
0.00999999
0.00999999
0.00999999
0.00999999
0.00999999
0.00999999
0.00999999
0.00999999
0.00999999
0.00999999
0.00999999
0.00999999
0.00999999
0.00999999
0.00999999
0.00999999
0.00999999
0.00999999
0.00999999
0.00999999
0.00999999
0.00999999
0.00999999
0.00999999
0.00999999
