0.0142859
0.0142859
0.0142859
0.0142859
0.0142859
0.0142859
0.0142859
0.0142859
0.0142859
0.0142859
0.0142859
0.0142859
0.0142859
0.0142859
0.0142859
0.0142859
0.0142859
0.0142859
0.0142859
0.0214286
0.0214286
0.0214286
0.0214286
0.0214286
0.0214286
0.0214286
0.0214286
0.0214286
0.0214286
0.0214286
0.0214286
0.0214286
0.0214286
0.0214286
0.0214286
0.0214286
0.0214286
0.0214286
0.0214286
0.0214286
0.0214286
0.0214286
0.0214286
0.0214286
0.0214286
0.0214286
0.0214286
0.0214286
0.0214286
0.0214286
0.0214286
0.0214286
0.0214286
0.0214286
0.0214286
0.0214286
0.0214286
0.0214286
0.0214286
0.0214286
0.0214286
0.0214286
0.0214286
0.0214286
0.0214286
0.0214286
0.0214286
0.0214286
0.0214286
0.0214286
0.0214286
0.0214286
0.0214286
0.0214286
0.0214286
0.0214286
0.0214286
0.0214286
0.0214286
0.0214286
0.0214286
0.0214286
0.0214286
0.0214286
0.0214286
0.0214286
0.0214286
0.0214286
0.0214286
0.0214286
0.0214286
0.0214286
0.0214286
0.0214286
0.0214286
0.0214286
0.0214286
0.0214286
0.0214286
0.0214286
0.0216072
0.0217857
0.0219643
0.0221429
0.0223215
0.0225
0.0226786
0.0228572
0.0230358
0.0232143
0.0233929
0.0235715
0.0237501
0.0239286
0.0241072
0.0242858
0.0244644
0.0246429
0.0248215
0.0250001
0.0251787
0.0253572
0.0255358
0.0257144
0.025893
0.0260715
0.0262501
0.0264287
0.0266073
0.0267859
0.0269644
0.027143
0.0273216
0.0275002
0.0276787
0.0278573
0.0280359
0.0282145
0.028393
0.0285716
0.0287502
0.0289288
0.0291073
0.0292859
0.0294645
0.0296431
0.0298216
0.0300002
0.0301788
0.0303574
0.0305359
0.0307145
0.0308931
0.0310717
0.0312502
0.0314288
0.0316074
0.031786
0.0319645
0.0321431
0.0323217
0.0325003
0.0326788
0.0328574
0.033036
0.0332146
0.0333931
0.0335717
0.0337503
0.0339289
0.0341074
0.034286
0.0344646
0.0346432
0.0348217
0.0350003
0.0351789
0.0353575
0.0355361
0.0357146
0.0359527
0.0361908
0.0364289
0.036667
0.0369051
0.0371432
0.0373813
0.0376194
0.0378575
0.0380956
0.0383337
0.0385718
0.0388099
0.039048
0.0392861
0.0395242
0.0397623
0.0400004
0.0402385
0.0404766
0.0407147
0.0409528
0.0411909
0.041429
0.0416671
0.0419052
0.0421433
0.0423814
0.0426195
0.0428576
0.0430957
0.0433338
0.0435719
0.04381
0.0440481
0.0442862
0.0445243
0.0447624
0.0450005
0.0452386
0.0454767
0.0457148
0.0459529
0.046191
0.0464291
0.0466672
0.0469053
0.0471434
0.0473815
0.0476196
0.0478578
0.0480959
0.048334
0.0485721
0.0488102
0.0490483
0.0492864
0.0495245
0.0497626
0.0500007
0.0503578
0.050715
0.0510721
0.0514293
0.0517864
0.0521436
0.0525007
0.0528579
0.053215
0.0535722
0.0539293
0.0542865
0.0546436
0.0550008
0.0553579
0.0557151
0.0560722
0.0564294
0.0567865
0.0571437
0.0575008
0.057858
0.0582151
0.0585723
0.0589294
0.0592866
0.0596437
0.0600009
0.060358
0.0607152
0.0610723
0.0614295
0.0617867
0.0621438
0.062501
0.0628581
0.0632153
0.0635724
0.0639296
0.0642867
0.0644653
0.0646439
0.0648224
0.065001
0.0651796
0.0653582
0.0655367
0.0657153
0.0658939
0.0660725
0.066251
0.0664296
0.0666082
0.0667868
0.0669653
0.0671439
0.0673225
0.0675011
0.0676796
0.0678582
0.0680368
0.0682154
0.0683939
0.0685725
0.0687511
0.0689297
0.0691082
0.0692868
0.0694654
0.069644
0.0698225
0.0700011
0.0701797
0.0703583
0.0705369
0.0707154
0.070894
0.0710726
0.0712512
0.0714297
0.0717869
0.072144
0.0725012
0.0728583
0.0732155
0.0735726
0.0739298
0.0742869
0.0746441
0.0750012
0.0753584
0.0757155
0.0760727
0.0764298
0.076787
0.0771441
0.0775013
0.0778584
0.0782156
0.0785728
0.0789299
0.0792871
0.0796442
0.0800014
0.0803585
0.0807157
0.0810728
0.08143
0.0817871
0.0821443
0.0825014
0.0828586
0.0832157
0.0835729
0.08393
0.0842872
0.0846443
0.0850015
0.0853586
0.0857158
0.0860729
0.0864301
0.0867872
0.0871444
0.0875015
0.0878587
0.0882158
0.088573
0.0889301
0.0892873
0.0896444
0.0900016
0.0903587
0.0907159
0.091073
0.0914302
0.0917873
0.0921445
0.0925016
0.0928588
0.0932159
0.0935731
0.0939302
0.0942874
0.0946445
0.0950017
0.0953588
0.095716
0.0960732
0.0964303
0.0967875
0.0971446
0.0975018
0.0978589
0.0982161
0.0985732
0.0989304
0.0992875
0.0996447
0.100002
0.100359
0.100716
0.101073
0.10143
0.101788
0.102145
0.102502
0.102859
0.103216
0.103573
0.10393
0.104288
0.104645
0.105002
0.105359
0.105716
0.106073
0.106431
0.106788
0.107145
0.107502
0.107859
0.108216
0.108573
0.108931
0.109288
0.109645
0.110002
0.110359
0.110716
0.111073
0.111431
0.111788
0.112145
0.112502
0.112859
0.113216
0.113574
0.113931
0.114288
0.114645
0.115002
0.115359
0.115716
0.116074
0.116431
0.116788
0.117145
0.117502
0.117859
0.118217
0.118574
0.118931
0.119288
0.119645
0.120002
0.120359
0.120717
0.121074
0.121431
0.121967
0.122502
0.123038
0.123574
0.12411
0.124645
0.125181
0.125717
0.126252
0.126788
0.127324
0.12786
0.128395
0.128931
0.129467
0.130002
0.130538
0.131074
0.13161
0.132145
0.132681
0.133217
0.133753
0.134288
0.134824
0.13536
0.135895
0.136431
0.136967
0.137503
0.138038
0.138574
0.13911
0.139646
0.140181
0.140717
0.141253
0.141788
0.142324
0.14286
0.143217
0.143574
0.143931
0.144289
0.144646
0.145003
0.14536
0.145717
0.146074
0.146431
0.146789
0.147146
0.147503
0.14786
0.148217
0.148574
0.148932
0.149289
0.149646
0.150003
0.15036
0.150717
0.151074
0.151432
0.151789
0.152146
0.152503
0.15286
0.153217
0.153574
0.153932
0.154289
0.154646
0.155003
0.15536
0.155717
0.156075
0.156432
0.156789
0.157146
0.157503
0.15786
0.158217
0.158575
0.158932
0.159289
0.159646
0.160003
0.16036
0.160717
0.161075
0.161432
0.161789
0.162146
0.162503
0.16286
0.163218
0.163575
0.163932
0.164289
0.165003
0.165718
0.166432
0.167146
0.167861
0.168575
0.169289
0.170003
0.170718
0.171432
0.172146
0.172861
0.173575
0.174289
0.175004
0.175718
0.176432
0.177146
0.177861
0.178575
0.178932
0.179289
0.179646
0.180004
0.180361
0.180718
0.181075
0.181432
0.181789
0.182147
0.182504
0.182861
0.183218
0.183575
0.183932
0.184289
0.184647
0.185004
0.185361
0.185718
0.186432
0.187147
0.187861
0.188575
0.18929
0.190004
0.190718
0.191432
0.192147
0.192861
0.193575
0.19429
0.195004
0.195718
0.196433
0.197147
0.197861
0.198575
0.19929
0.200004
0.200361
0.200718
0.201076
0.201433
0.20179
0.202147
0.202504
0.202861
0.203218
0.203576
0.203933
0.20429
0.204647
0.205004
0.205361
0.205719
0.206076
0.206433
0.20679
0.207147
0.207326
0.207504
0.207683
0.207861
0.20804
0.208219
0.208397
0.208576
0.208754
0.208933
0.209111
0.20929
0.209469
0.209647
0.209826
0.210004
0.210183
0.210361
0.21054
0.210719
0.210897
0.211076
0.211254
0.211433
0.211612
0.21179
0.211969
0.212147
0.212326
0.212504
0.212683
0.212862
0.21304
0.213219
0.213397
0.213576
0.213754
0.213933
0.214112
0.21429
0.214647
0.215004
0.215362
0.215719
0.216076
0.216433
0.21679
0.217147
0.217505
0.217862
0.218219
0.218576
0.218933
0.21929
0.219647
0.220005
0.220362
0.220719
0.221076
0.235715
0.236786
0.237858
0.238929
0.240001
0.241072
0.242144
0.243215
0.244286
0.245358
0.246429
0.247501
0.248572
0.249644
0.250715
0.251787
0.252858
0.253929
0.255001
0.256072
0.257144
0.257383
0.257621
0.257859
0.258097
0.258335
0.258573
0.258811
0.259049
0.259287
0.259525
0.259763
0.260002
0.26024
0.260478
0.260716
0.260954
0.261192
0.26143
0.261668
0.261906
0.262144
0.262382
0.262621
0.262859
0.263097
0.263335
0.263573
0.263811
0.264049
0.264287
0.264525
0.264763
0.265001
0.26524
0.265478
0.265716
0.265954
0.266192
0.26643
0.266668
0.266906
0.267144
0.267382
0.26762
0.267859
0.268097
0.268335
0.268573
0.268811
0.269049
0.269287
0.269525
0.269763
0.270001
0.270239
0.270478
0.270716
0.270954
0.271192
0.27143
0.272144
0.272859
0.273573
0.274287
0.275001
0.275716
0.27643
0.277144
0.277859
0.278573
0.279287
0.280002
0.280716
0.28143
0.282144
0.282859
0.283573
0.284287
0.285002
0.285716
0.286073
0.28643
0.286787
0.287145
0.287502
0.287859
0.288216
0.288573
0.28893
0.289287
0.289645
0.290002
0.290359
0.290716
0.291073
0.29143
0.291788
0.292145
0.292502
0.292859
0.293216
0.293573
0.29393
0.294288
0.294645
0.295002
0.295359
0.295716
0.296073
0.29643
0.296788
0.297145
0.297502
0.297859
0.298216
0.298573
0.298931
0.299288
0.299645
0.300002
0.300359
0.300716
0.301073
0.301431
0.301788
0.302145
0.302502
0.302859
0.303216
0.303573
0.303931
0.304288
0.304645
0.305002
0.305359
0.305716
0.306074
0.306431
0.306788
0.307145
0.307502
0.307859
0.308216
0.308574
0.308931
0.309288
0.309645
0.310002
0.310359
0.310717
0.311074
0.311431
0.311788
0.312145
0.312502
0.312859
0.313217
0.313574
0.313931
0.314288
0.314645
0.315002
0.315359
0.315717
0.316074
0.316431
0.316788
0.317145
0.317502
0.31786
0.318217
0.318574
0.318931
0.319288
0.319645
0.320002
0.32036
0.320717
0.321074
0.321431
0.32161
0.321788
0.321967
0.322145
0.322324
0.322502
0.322681
0.32286
0.323038
0.323217
0.323395
0.323574
0.323753
0.323931
0.32411
0.324288
0.324467
0.324645
0.324824
0.325003
0.325181
0.32536
0.325538
0.325717
0.325895
0.326074
0.326253
0.326431
0.32661
0.326788
0.326967
0.327145
0.327324
0.327503
0.327681
0.32786
0.328038
0.328217
0.328395
0.328574
0.328753
0.328931
0.32911
0.329288
0.329467
0.329646
0.329824
0.330003
0.330181
0.33036
0.330538
0.330717
0.330896
0.331074
0.331253
0.331431
0.33161
0.331788
0.331967
0.332146
0.332324
0.332503
0.332681
0.33286
0.333038
0.333217
0.333396
0.333574
0.333753
0.333931
0.33411
0.334288
0.334467
0.334646
0.334824
0.335003
0.335181
0.33536
0.335539
0.335717
0.336431
0.337146
0.33786
0.338574
0.339289
0.340003
0.340717
0.341431
0.342146
0.34286
0.343574
0.344289
0.345003
0.345717
0.346432
0.347146
0.34786
0.348575
0.349289
0.350003
0.350182
0.35036
0.350539
0.350717
0.350896
0.351075
0.351253
0.351432
0.35161
0.351789
0.351967
0.352146
0.352325
0.352503
0.352682
0.35286
0.353039
0.353217
0.353396
0.353575
0.353753
0.353932
0.35411
0.354289
0.354468
0.354646
0.354825
0.355003
0.355182
0.35536
0.355539
0.355718
0.355896
0.356075
0.356253
0.356432
0.35661
0.356789
0.356968
0.357146
0.357503
0.35786
0.358218
0.358575
0.358932
0.359289
0.359646
0.360003
0.360361
0.360718
0.361075
0.361432
0.361789
0.362146
0.362503
0.362861
0.363218
0.363575
0.363932
0.364289
0.364646
0.365003
0.365361
0.365718
0.366075
0.366432
0.366789
0.367146
0.367504
0.367861
0.368218
0.368575
0.368932
0.369289
0.369646
0.370004
0.370361
0.370718
0.371075
0.371432
0.372146
0.372861
0.373575
0.374289
0.375004
0.375718
0.376432
0.377147
0.377861
0.378575
0.37929
0.380004
0.380718
0.381432
0.382147
0.382861
0.383575
0.38429
0.385004
0.385718
0.385897
0.386075
0.386254
0.386433
0.386611
0.38679
0.386968
0.387147
0.387325
0.387504
0.387683
0.387861
0.38804
0.388218
0.388397
0.388575
0.388754
0.388933
0.389111
0.38929
0.389468
0.389647
0.389825
0.390004
0.390183
0.390361
0.39054
0.390718
0.390897
0.391075
0.391254
0.391433
0.391611
0.39179
0.391968
0.392147
0.392326
0.392504
0.392683
0.392861
0.393218
0.393576
0.393933
0.39429
0.394647
0.395004
0.395361
0.395718
0.396076
0.396433
0.39679
0.397147
0.397504
0.397861
0.398219
0.398576
0.398933
0.39929
0.399647
0.400004
0.400361
0.400719
0.401076
0.401433
0.40179
0.402147
0.402504
0.402861
0.403219
0.403576
0.403933
0.40429
0.404647
0.405004
0.405362
0.405719
0.406076
0.406433
0.40679
0.407147
0.407504
0.407862
0.408219
0.408576
0.408933
0.40929
0.409647
0.410004
0.410362
0.410719
0.411076
0.411433
0.41179
0.412147
0.412505
0.412862
0.413219
0.413576
0.413933
0.41429
0.414647
0.415005
0.415362
0.415719
0.416076
0.416433
0.41679
0.417148
0.417505
0.417862
0.418219
0.418576
0.418933
0.41929
0.419648
0.420005
0.420362
0.420719
0.421076
0.421433
0.42179
0.422148
0.422505
0.422862
0.423219
0.423576
0.423933
0.424291
0.424648
0.425005
0.425362
0.425719
0.426076
0.426433
0.426791
0.427148
0.427505
0.427862
0.428219
0.428576
0.428934
0.429291
0.429648
0.430005
0.430362
0.430719
0.431076
0.431434
0.431791
0.432148
0.432505
0.432862
0.433219
0.433576
0.433934
0.434291
0.434648
0.435005
0.435362
0.435719
0.436077
0.436434
0.436791
0.437148
0.437505
0.437862
0.438219
0.438577
0.438934
0.439291
0.439648
0.440005
0.440362
0.440719
0.441077
0.441434
0.441791
0.442148
0.442505
0.442862
0.44322
0.443577
0.443934
0.444291
0.444648
0.445005
0.445362
0.44572
0.446077
0.446434
0.446791
0.447148
0.447505
0.447863
0.44822
0.448577
0.448934
0.449291
0.449648
0.450005
0.450184
0.450363
0.450541
0.45072
0.450898
0.451077
0.451255
0.451434
0.451613
0.451791
0.45197
0.452148
0.452327
0.452505
0.452684
0.452863
0.453041
0.45322
0.453398
0.453577
0.453755
0.453934
0.454113
0.454291
0.45447
0.454648
0.454827
0.455006
0.455184
0.455363
0.455541
0.45572
0.455898
0.456077
0.456256
0.456434
0.456613
0.456791
0.45697
0.457148
0.457506
0.457863
0.45822
0.458577
0.458934
0.459291
0.459648
0.460006
0.460363
0.46072
0.461077
0.461434
0.461791
0.462149
0.462506
0.462863
0.46322
0.463577
0.463934
0.464291
0.464649
0.465006
0.465363
0.46572
0.466077
0.466434
0.466792
0.467149
0.467506
0.467863
0.46822
0.468577
0.468934
0.469292
0.469649
0.470006
0.470363
0.47072
0.471077
0.471434
0.471792
0.472149
0.472506
0.472863
0.47322
0.473577
0.473935
0.474292
0.474649
0.475006
0.475363
0.47572
0.476077
0.476435
0.476792
0.477149
0.477506
0.477863
0.47822
0.478577
0.478577
0.478577
0.478577
0.478577
0.478577
0.478577
0.478577
0.478577
0.478577
0.478577
0.478577
0.478577
0.478577
0.478577
0.478577
0.478577
0.478577
0.478577
0.478577
0.485721
0.485721
0.485721
0.485721
0.485721
0.485721
0.485721
0.485721
0.485721
0.485721
0.485721
0.485721
0.485721
0.485721
0.485721
0.485721
0.485721
0.485721
0.485721
0.485721
0.485721
0.485721
0.485721
0.485721
0.485721
0.485721
0.485721
0.485721
0.485721
0.485721
0.485721
0.485721
0.485721
0.485721
0.485721
0.485721
0.485721
0.485721
0.485721
0.485721
0.485721
0.486078
0.486435
0.486792
0.487149
0.487506
0.487863
0.488221
0.488578
0.488935
0.489292
0.489649
0.490006
0.490363
0.490721
0.491078
0.491435
0.491792
0.492149
0.492506
0.492864
0.492864
0.492864
0.492864
0.492864
0.492864
0.492864
0.492864
0.492864
0.492864
0.492864
0.492864
0.492864
0.492864
0.492864
0.492864
0.492864
0.492864
0.492864
0.492864
0.492864
0.493221
0.493578
0.493935
0.494292
0.494649
0.495006
0.495364
0.495721
0.496078
0.496435
0.496792
0.497149
0.497506
0.497864
0.498221
0.498578
0.498935
0.499292
0.499649
0.500007
0.500007
0.500007
0.500007
0.500007
0.500007
0.500007
0.500007
0.500007
0.500007
0.500007
0.500007
0.500007
0.500007
0.500007
0.500007
0.500007
0.500007
0.500007
0.500007
0.500007
0.500007
0.500007
0.500007
0.500007
0.500007
0.500007
0.500007
0.500007
0.500007
0.500007
0.500007
0.500007
0.500007
0.500007
0.500007
0.500007
0.500007
0.500007
0.500007
0.500007
0.500007
0.500007
0.500007
0.500007
0.500007
0.500007
0.500007
0.500007
0.500007
0.500007
0.500007
0.500007
0.500007
0.500007
0.500007
0.500007
0.500007
0.500007
0.500007
0.500007
0.500007
0.500007
0.500007
0.500007
0.500007
0.500007
0.500007
0.500007
0.500007
0.500007
0.500007
0.500007
0.500007
0.500007
0.500007
0.500007
0.500007
0.500007
0.500007
0.500007
0.500185
0.500364
0.500542
0.500721
0.500899
0.501078
0.501257
0.501435
0.501614
0.501792
0.501971
0.502149
0.502328
0.502507
0.502685
0.502864
0.503042
0.503221
0.503399
0.503578
0.503757
0.503935
0.504114
0.504292
0.504471
0.50465
0.504828
0.505007
0.505185
0.505364
0.505542
0.505721
0.5059
0.506078
0.506257
0.506435
0.506614
0.506792
0.506971
0.50715
0.50715
0.50715
0.50715
0.50715
0.50715
0.50715
0.50715
0.50715
0.50715
0.50715
0.50715
0.50715
0.50715
0.50715
0.50715
0.50715
0.50715
0.50715
0.50715
0.50715
0.50715
0.50715
0.50715
0.50715
0.50715
0.50715
0.50715
0.50715
0.50715
0.50715
0.50715
0.50715
0.50715
0.50715
0.50715
0.50715
0.50715
0.50715
0.50715
0.50715
0.50715
0.50715
0.50715
0.50715
0.50715
0.50715
0.50715
0.50715
0.50715
0.50715
0.50715
0.50715
0.50715
0.50715
0.50715
0.50715
0.50715
0.50715
0.50715
0.50715
0.50715
0.50715
0.50715
0.50715
0.50715
0.50715
0.50715
0.50715
0.50715
0.50715
0.50715
0.50715
0.50715
0.50715
0.50715
0.50715
0.50715
0.50715
0.50715
0.50715
0.50715
0.50715
0.50715
0.50715
0.50715
0.50715
0.50715
0.50715
0.50715
0.50715
0.50715
0.50715
0.50715
0.50715
0.50715
0.50715
0.50715
0.50715
0.50715
0.50715
0.50715
0.50715
0.50715
0.50715
0.50715
0.50715
0.50715
0.50715
0.50715
0.50715
0.50715
0.50715
0.50715
0.50715
0.50715
0.50715
0.50715
0.50715
0.50715
0.50715
0.50715
0.50715
0.50715
0.50715
0.50715
0.50715
0.50715
0.50715
0.50715
0.50715
0.50715
0.50715
0.50715
0.50715
0.50715
0.50715
0.50715
0.50715
0.50715
0.50715
0.50715
0.50715
0.50715
0.50715
0.50715
0.50715
0.50715
0.50715
0.50715
0.50715
0.50715
0.50715
0.50715
0.50715
0.50715
0.50715
0.50715
0.50715
0.50715
0.50715
0.50715
0.50715
0.50715
0.50715
0.50715
0.50715
0.50715
0.50715
0.50715
0.50715
0.50715
0.50715
0.50715
0.50715
0.50715
0.50715
0.50715
0.50715
0.50715
0.50715
0.50715
0.50715
0.50715
0.50715
0.50715
0.50715
0.50715
0.50715
0.50715
0.50715
0.50715
0.50715
0.50715
0.50715
0.50715
0.50715
0.50715
0.50715
0.50715
0.50715
0.50715
0.50715
0.50715
0.50715
0.50715
0.50715
0.50715
0.50715
0.50715
0.50715
0.50715
0.50715
0.50715
0.50715
0.50715
0.50715
0.50715
0.50715
0.50715
0.50715
0.50715
0.50715
0.50715
0.50715
0.50715
0.50715
0.50715
0.50715
0.50715
0.50715
0.50715
0.50715
0.50715
0.50715
0.50715
0.50715
0.50715
0.50715
0.50715
0.50715
0.50715
0.50715
0.50715
0.50715
0.50715
0.50715
0.50715
0.50715
0.50715
0.50715
0.50715
0.50715
0.50715
0.50715
0.50715
0.50715
0.50715
0.50715
0.50715
0.50715
0.50715
0.50715
0.50715
0.50715
0.50715
0.50715
0.50715
0.50715
0.50715
0.50715
0.50715
0.50715
0.50715
0.50715
0.50715
0.50715
0.50715
0.50715
0.50715
0.50715
0.50715
0.50715
0.50715
0.50715
0.50715
0.50715
0.50715
0.50715
0.50715
0.50715
0.50715
0.50715
0.50715
0.50715
0.50715
0.50715
0.50715
0.50715
0.50715
0.50715
0.50715
0.50715
0.50715
0.50715
0.50715
0.50715
0.50715
0.50715
0.50715
0.50715
0.50715
0.50715
0.50715
0.50715
0.50715
0.50715
0.50715
0.50715
0.50715
0.50715
0.50715
0.50715
0.50715
0.50715
0.50715
0.50715
0.50715
0.50715
0.50715
0.50715
0.50715
0.50715
0.50715
0.50715
0.50715
0.50715
0.50715
0.50715
0.50715
0.50715
0.50715
0.50715
0.50715
0.50715
0.50715
0.50715
0.50715
0.50715
0.50715
0.50715
0.50715
0.50715
0.50715
0.50715
0.50715
0.50715
0.50715
0.50715
0.50715
0.50715
0.50715
0.50715
0.50715
0.50715
0.50715
0.50715
0.50715
0.50715
0.50715
0.50715
0.50715
0.50715
0.50715
0.50715
0.50715
0.50715
0.50715
0.50715
0.50715
0.50715
0.50715
0.50715
0.50715
0.50715
0.50715
0.50715
0.50715
0.50715
0.50715
0.50715
0.50715
0.50715
0.50715
0.50715
0.50715
0.50715
0.50715
0.50715
0.50715
0.50715
0.50715
0.50715
0.50715
0.50715
0.50715
0.50715
0.50715
0.50715
0.50715
0.50715
0.50715
0.50715
0.50715
0.50715
0.50715
0.50715
0.50715
0.50715
0.50715
0.50715
0.50715
0.50715
0.50715
0.50715
0.50715
0.50715
0.50715
0.50715
0.50715
0.50715
0.50715
0.50715
0.50715
0.50715
0.50715
0.50715
0.50715
0.50715
0.50715
0.50715
0.50715
0.50715
0.50715
0.50715
0.50715
0.50715
0.50715
0.50715
0.50715
0.50715
0.50715
0.50715
0.50715
0.50715
0.50715
0.50715
0.50715
0.50715
0.50715
0.50715
0.50715
0.50715
0.50715
0.50715
0.50715
0.50715
0.50715
0.50715
0.50715
0.50715
0.50715
0.50715
0.50715
0.50715
0.50715
0.50715
0.50715
0.50715
0.50715
0.50715
0.50715
0.50715
0.50715
0.50715
0.50715
0.50715
0.50715
0.50715
0.50715
0.50715
0.50715
0.50715
0.50715
0.50715
0.50715
0.50715
0.50715
0.50715
0.50715
0.50715
0.50715
0.50715
0.50715
0.50715
0.50715
0.50715
0.50715
0.50715
0.50715
0.50715
0.50715
0.50715
0.50715
0.50715
0.50715
0.50715
0.50715
0.50715
0.50715
0.50715
0.50715
0.50715
0.50715
0.50715
0.50715
0.50715
0.50715
0.50715
0.50715
0.50715
0.50715
0.50715
0.50715
0.50715
0.50715
0.50715
0.50715
0.50715
0.50715
0.50715
0.507507
0.507864
0.508221
0.508578
0.508935
0.509292
0.50965
0.510007
0.510364
0.510721
0.511078
0.511435
0.511793
0.51215
0.512507
0.512864
0.513221
0.513578
0.513935
0.514293
0.514293
0.514293
0.514293
0.514293
0.514293
0.514293
0.514293
0.514293
0.514293
0.514293
0.514293
0.514293
0.514293
0.514293
0.514293
0.514293
0.514293
0.514293
0.514293
0.514293
0.514293
0.514293
0.514293
0.514293
0.514293
0.514293
0.514293
0.514293
0.514293
0.514293
0.514293
0.514293
0.514293
0.514293
0.514293
0.514293
0.514293
0.514293
0.514293
0.514293
0.514293
0.514293
0.514293
0.514293
0.514293
0.514293
0.514293
0.514293
0.514293
0.514293
0.514293
0.514293
0.514293
0.514293
0.514293
0.514293
0.514293
0.514293
0.514293
0.514293
0.514293
0.514293
0.514293
0.514293
0.514293
0.514293
0.514293
0.514293
0.514293
0.514293
0.514293
0.514293
0.514293
0.514293
0.514293
0.514293
0.514293
0.514293
0.514293
0.514293
0.514293
0.514293
0.514293
0.514293
0.514293
0.514293
0.514293
0.514293
0.514293
0.514293
0.514293
0.514293
0.514293
0.514293
0.514293
0.514293
0.514293
0.514293
0.514293
0.514293
0.514293
0.514293
0.514293
0.514293
0.514293
0.514293
0.514293
0.514293
0.514293
0.514293
0.514293
0.514293
0.514293
0.514293
0.514293
0.514293
0.514293
0.514293
0.514293
0.514293
0.514293
0.514293
0.514293
0.514293
0.514293
0.514293
0.514293
0.514293
0.514293
0.514293
0.514293
0.514293
0.514293
0.514293
0.514293
0.514293
0.514293
0.514293
0.514293
0.514293
0.514293
0.514293
0.514293
0.514293
0.514293
0.514293
0.514293
0.514293
0.514293
0.514293
0.514293
0.514293
0.514293
0.514293
0.514293
0.514293
0.514293
0.514293
0.514293
0.514293
0.514293
0.514293
0.514293
0.514293
0.514293
0.514293
0.514293
0.514293
0.514293
0.514293
0.514293
0.514293
0.514293
0.514293
0.514293
0.514293
0.514293
0.514293
0.514293
0.514293
0.514293
0.514293
0.514293
0.514293
0.514293
0.514293
0.514293
0.514293
0.514293
0.514293
0.514293
0.514293
0.514293
0.514293
0.514293
0.514293
0.514293
0.514293
0.514293
0.514293
0.514293
0.514293
0.514293
0.514293
0.514293
0.514293
0.514293
0.514293
0.514293
0.514293
0.514293
0.514293
0.514293
0.514293
0.514293
0.514293
0.514293
0.514293
0.514293
0.514293
0.514293
0.514293
0.514293
0.514293
0.514293
0.514293
0.514293
0.514293
0.514293
0.514293
0.514293
0.514293
0.514293
0.514293
0.514293
0.514293
0.514293
0.514293
0.514293
0.514293
0.514293
0.514293
0.514293
0.514293
0.514293
0.514293
0.514293
0.514293
0.514293
0.514293
0.514293
0.514293
0.514293
0.514293
0.514293
0.514293
0.514293
0.514293
0.514293
0.514293
0.514293
0.514293
0.514293
0.514293
0.514293
0.514293
0.514293
0.514293
0.514293
0.514293
0.514293
0.514293
0.514293
0.514293
0.514293
0.514293
0.514293
0.514293
0.514293
0.514293
0.514293
0.514293
0.514293
0.514293
0.514293
0.514293
0.514293
0.514293
0.514293
0.514293
0.514293
0.514293
0.514293
0.514293
0.514293
0.514293
0.514293
0.514293
0.514293
0.514293
0.514293
0.514293
0.514293
0.514293
0.514293
0.514293
0.514293
0.514293
0.514293
0.514293
0.514293
0.514293
0.514293
0.514293
0.514293
0.514293
0.514293
0.514293
0.514293
0.514293
0.514293
0.514293
0.514293
0.514293
0.514293
0.514293
0.514293
0.514293
0.514293
0.514293
0.514293
0.514293
0.514293
0.514293
0.514293
0.514293
0.514293
0.514293
0.514293
0.514293
0.514293
0.514293
0.514293
0.514293
0.514293
0.514293
0.514293
0.514293
0.514293
0.514293
0.514293
0.514293
0.514293
0.514293
0.514293
0.514293
0.514293
0.514293
0.514293
0.514293
0.514293
0.514293
0.514293
0.514293
0.514293
0.514293
0.514293
0.514293
0.514293
0.514293
0.514293
0.514293
0.514293
0.514293
0.514293
0.514293
0.514293
0.514293
0.514293
0.514293
0.514293
0.514293
0.514293
0.514293
0.514293
0.514293
0.514293
0.514293
0.514293
0.514293
0.514293
0.514293
0.514293
0.514293
0.514293
0.514293
0.514293
0.514293
0.514293
0.514293
0.514293
0.514293
0.514293
0.514293
0.514293
0.514293
0.514293
0.514293
0.514293
0.514293
0.514293
0.514293
0.514293
0.514293
0.514293
0.514293
0.514293
0.514293
0.514293
0.514293
0.514293
0.514293
0.514293
0.514293
0.514293
0.514293
0.514293
0.514293
0.514293
0.514293
0.514293
0.514293
0.514293
0.514293
0.514293
0.514293
0.514293
0.514293
0.514293
0.514293
0.514293
0.514293
0.514293
0.514293
0.514293
0.514293
0.514293
0.514293
0.514293
0.514293
0.514293
0.514293
0.514293
0.514293
0.514293
0.514293
0.514293
0.514293
0.514293
0.514293
0.514293
0.514293
0.514293
0.514293
0.514293
0.514293
0.514293
0.514293
0.514293
0.514293
0.514293
0.514293
0.514293
0.514293
0.514293
0.514293
0.514293
0.514293
0.514293
0.514293
0.514293
0.514293
0.514293
0.514293
0.514293
0.514293
0.514293
0.514293
0.514293
0.514293
0.514293
0.514293
0.514293
0.514293
0.514293
0.514293
0.514293
0.514293
0.514293
0.514293
0.514293
0.514293
0.514293
0.514293
0.514293
0.514293
0.514293
0.514293
0.514293
0.514293
0.514293
0.514293
0.514293
0.514293
0.514293
0.514293
0.514293
0.514293
0.514293
0.514293
0.514293
0.514293
0.514293
0.514293
0.514293
0.514293
0.514293
0.514293
0.514293
0.514293
0.514293
0.514293
0.514293
0.514293
0.514293
0.514293
0.514293
0.514293
0.514293
0.514293
0.514293
0.514293
0.514293
0.514293
0.514293
0.514293
0.514293
0.514293
0.514293
0.514293
0.514293
0.514293
0.514293
0.514293
0.514293
0.514293
0.514293
0.514293
0.514293
0.514293
0.514293
0.514293
0.514293
0.514293
0.514293
0.514293
0.514293
0.514293
0.514293
0.514293
0.514293
0.514293
0.514293
0.514293
0.514293
0.514293
0.514293
0.514293
0.514293
0.514293
0.514293
0.514293
0.514293
0.514293
0.514293
0.514293
0.514293
0.514293
0.514293
0.514293
0.514293
0.514293
0.514293
0.514293
0.514293
0.514293
0.514293
0.514293
0.514293
0.514293
0.514293
0.514293
0.514293
0.514293
0.514293
0.514293
0.514293
0.514293
0.514293
0.514293
0.514293
0.514293
0.514293
0.514293
0.514293
0.514293
0.514293
0.514293
0.514293
0.514293
0.514293
0.514293
0.514293
0.514293
0.514293
0.514293
0.514293
0.514293
0.514293
0.514293
0.514293
0.514293
0.514293
0.514293
0.514293
0.514293
0.514293
0.514293
0.514293
0.514293
0.514293
0.514293
0.514293
0.514293
0.514293
0.514293
0.514293
0.514293
0.514293
0.514293
0.514293
0.514293
0.514293
0.514293
0.514293
0.514293
0.514293
0.514293
0.514293
0.514293
0.514293
0.514293
0.514293
0.514293
0.514293
0.514293
0.514293
0.514293
0.514293
0.514293
0.514293
0.514293
0.514293
0.514293
0.514293
0.514293
0.514293
0.514293
0.514293
0.514293
0.514293
0.514293
0.514293
0.514293
0.514293
0.514293
0.514293
0.514293
0.514293
0.514293
0.514293
0.514293
0.514293
0.514293
0.514293
0.514293
0.514293
0.514293
0.514293
0.514293
0.514293
0.514293
0.514293
0.514293
0.514293
0.514293
0.514293
0.514293
0.514293
0.514293
0.514293
0.514293
0.514293
0.514293
0.514293
0.514293
0.514293
0.514293
0.514293
0.514293
0.514293
0.514293
0.514293
0.514293
0.514293
0.514293
0.514293
0.514293
0.514293
0.514293
0.514293
0.514293
0.514293
0.514293
0.514293
0.514293
0.514293
0.514293
0.514293
0.514293
0.514293
0.514293
0.514293
0.514293
0.514293
0.514293
0.514293
0.514293
0.514293
0.514293
0.514293
0.514293
0.514293
0.514293
0.514293
0.514293
0.514293
0.514293
0.514293
0.514293
0.514293
0.514293
0.514293
0.514293
0.514293
0.514293
0.514293
0.514293
0.514293
0.514293
0.514293
0.514293
0.514293
0.514293
0.514293
0.514293
0.514293
0.514293
0.514293
0.514293
0.514293
0.514293
0.514293
0.514293
0.514293
0.514293
0.514293
0.514293
0.514293
0.514293
0.514293
0.514293
0.514293
0.514293
0.514293
0.514293
0.514293
0.514293
0.514293
0.514293
0.514293
0.514293
0.514293
0.514293
0.514293
0.514293
0.514293
0.514293
0.514293
0.514293
0.514293
0.514293
0.514293
0.514293
0.514293
0.514293
0.514293
0.514293
0.514293
0.514293
0.514293
0.514293
0.514293
0.514293
0.514293
0.514293
0.514293
0.514293
0.514293
0.514293
0.514293
0.514293
0.514293
0.514293
0.514293
0.514293
0.514293
0.514293
0.514293
0.514293
0.514293
0.514293
0.514293
0.514293
0.514293
0.514293
0.514293
0.514293
0.514293
0.514293
0.514293
0.514293
0.514293
0.514293
0.514293
0.514293
0.514293
0.514293
0.514293
0.514293
0.514293
0.514293
0.514293
0.514293
0.514293
0.514293
0.514293
0.514293
0.514293
0.514293
0.514293
0.514293
0.514293
0.514293
0.514293
0.514293
0.514293
0.514293
0.514293
0.514293
0.514293
0.514293
0.514293
0.514293
0.514293
0.514293
0.514293
0.514293
0.514293
0.514293
0.514293
0.514293
0.514293
0.514293
0.514293
0.514293
0.514293
0.514293
0.514293
0.514293
0.514293
0.514293
0.514293
0.514293
0.514293
0.514293
0.514293
0.514293
0.514293
0.514293
0.514293
0.514293
0.514293
0.514293
0.514293
0.514293
0.514293
0.514293
0.514293
0.50715
0.50715
0.50715
0.50715
0.50715
0.50715
0.50715
0.50715
0.50715
0.50715
0.50715
0.50715
0.50715
0.50715
0.50715
0.50715
0.50715
0.50715
0.50715
0.50715
0.50715
0.50715
0.50715
0.50715
0.50715
0.50715
0.50715
0.50715
0.50715
0.50715
0.50715
0.50715
0.50715
0.50715
0.50715
0.50715
0.50715
0.50715
0.50715
0.50715
0.50715
0.506792
0.506435
0.506078
0.505721
0.505364
0.505007
0.50465
0.504292
0.503935
0.503578
0.503221
0.502864
0.502507
0.502149
0.501792
0.501435
0.501078
0.500721
0.500364
0.500007
0.500007
0.500007
0.500007
0.500007
0.500007
0.500007
0.500007
0.500007
0.500007
0.500007
0.500007
0.500007
0.500007
0.500007
0.500007
0.500007
0.500007
0.500007
0.500007
0.500007
0.500007
0.500007
0.500007
0.500007
0.500007
0.500007
0.500007
0.500007
0.500007
0.500007
0.500007
0.500007
0.500007
0.500007
0.500007
0.500007
0.500007
0.500007
0.500007
0.500007
0.500007
0.500007
0.500007
0.500007
0.500007
0.500007
0.500007
0.500007
0.500007
0.500007
0.500007
0.500007
0.500007
0.500007
0.500007
0.500007
0.500007
0.500007
0.500007
0.500007
0.500007
0.500007
0.500007
0.500007
0.500007
0.500007
0.500007
0.500007
0.500007
0.500007
0.500007
0.500007
0.500007
0.500007
0.500007
0.500007
0.500007
0.500007
0.500007
0.492864
0.492864
0.492864
0.492864
0.492864
0.492864
0.492864
0.492864
0.492864
0.492864
0.492864
0.492864
0.492864
0.492864
0.492864
0.492864
0.492864
0.492864
0.492864
0.492864
0.492864
0.492864
0.492864
0.492864
0.492864
0.492864
0.492864
0.492864
0.492864
0.492864
0.492864
0.492864
0.492864
0.492864
0.492864
0.492864
0.492864
0.492864
0.492864
0.492864
0.492864
0.492864
0.492864
0.492864
0.492864
0.492864
0.492864
0.492864
0.492864
0.492864
0.492864
0.492864
0.492864
0.492864
0.492864
0.492864
0.492864
0.492864
0.492864
0.492864
0.492864
0.492864
0.492864
0.492864
0.492864
0.492864
0.492864
0.492864
0.492864
0.492864
0.492864
0.492864
0.492864
0.492864
0.492864
0.492864
0.492864
0.492864
0.492864
0.492864
0.492864
0.492864
0.492864
0.492864
0.492864
0.492864
0.492864
0.492864
0.492864
0.492864
0.492864
0.492864
0.492864
0.492864
0.492864
0.492864
0.492864
0.492864
0.492864
0.492864
0.492864
0.492864
0.492864
0.492864
0.492864
0.492864
0.492864
0.492864
0.492864
0.492864
0.492864
0.492864
0.492864
0.492864
0.492864
0.492864
0.492864
0.492864
0.492864
0.492864
0.492864
0.492864
0.492864
0.492864
0.492864
0.492864
0.492864
0.492864
0.492864
0.492864
0.492864
0.492864
0.492864
0.492864
0.492864
0.492864
0.492864
0.492864
0.492864
0.492864
0.492864
0.492864
0.492864
0.492864
0.492864
0.492864
0.492864
0.492864
0.492864
0.492864
0.492864
0.492864
0.492864
0.492864
0.492864
0.492864
0.492864
0.492864
0.492864
0.492864
0.492864
0.492864
0.492864
0.492864
0.492864
0.492864
0.492864
0.492864
0.492864
0.492864
0.492864
0.492864
0.492864
0.492864
0.492864
0.492864
0.492864
0.492864
0.492864
0.492864
0.492864
0.492864
0.492864
0.492864
0.492864
0.492864
0.492864
0.492864
0.492864
0.492864
0.492864
0.492864
0.492864
0.492864
0.492864
0.492864
0.492864
0.492864
0.492864
0.492864
0.492864
0.492864
0.492864
0.492864
0.492864
0.492864
0.492864
0.492864
0.492864
0.492864
0.492864
0.492864
0.492864
0.492864
0.492864
0.492864
0.492864
0.492864
0.492864
0.492864
0.492864
0.492864
0.492864
0.492864
0.492864
0.492864
0.492864
0.492864
0.492864
0.492864
0.492864
0.492864
0.492864
0.492864
0.492864
0.492864
0.492864
0.492864
0.492864
0.492864
0.492864
0.492864
0.492864
0.492864
0.492864
0.492864
0.492864
0.492864
0.492864
0.492864
0.492864
0.492864
0.492864
0.492864
0.492864
0.492864
0.492864
0.492864
0.492864
0.492864
0.492864
0.492864
0.492864
0.492864
0.492864
0.492864
0.492864
0.492864
0.492864
0.492864
0.492864
0.492864
0.492864
0.492864
0.492864
0.492864
0.492864
0.492864
0.492864
0.492864
0.492864
0.492864
0.492864
0.492864
0.492864
0.492864
0.492864
0.492864
0.492864
0.492864
0.492864
0.492864
0.492864
0.492864
0.492864
0.492864
0.492864
0.492864
0.492864
0.492864
0.492864
0.492864
0.492864
0.492864
0.492864
0.492864
0.492864
0.492864
0.492864
0.492864
0.492864
0.492864
0.492864
0.492864
0.492864
0.492864
0.492864
0.492864
0.492864
0.492864
0.492864
0.492864
0.492864
0.492864
0.492864
0.492864
0.492864
0.492864
0.492864
0.492864
0.492864
0.492864
0.492864
0.492864
0.492864
0.492864
0.492864
0.492864
0.492864
0.492864
0.492864
0.492864
0.492864
0.492864
0.492864
0.492864
0.492864
0.492864
0.492864
0.492864
0.492864
0.492864
0.492864
0.492864
0.492864
0.492864
0.492864
0.492864
0.492864
0.492864
0.492864
0.492864
0.492864
0.492864
0.492864
0.492864
0.492864
0.492864
0.492864
0.492864
0.492864
0.492864
0.492864
0.492864
0.492864
0.492864
0.492864
0.492864
0.492864
0.492864
0.492864
0.492864
0.492864
0.492864
0.492864
0.492864
0.492864
0.492864
0.492864
0.492864
0.492864
0.492864
0.492864
0.492864
0.492864
0.492864
0.492864
0.492864
0.492864
0.492864
0.492864
0.492864
0.492864
0.492864
0.492864
0.492864
0.492864
0.492864
0.492864
0.492864
0.492864
0.492864
0.492864
0.492864
0.492864
0.492864
0.492864
0.492864
0.492864
0.492864
0.492864
0.492864
0.492864
0.492864
0.492864
0.492864
0.492864
0.492864
0.492864
0.492864
0.492864
0.492864
0.492864
0.492864
0.492864
0.492864
0.492864
0.492864
0.492864
0.492864
0.492863
0.492982
0.493101
0.49322
0.493339
0.493458
0.493577
0.493696
0.493815
0.493934
0.494054
0.494173
0.494292
0.494411
0.49453
0.494649
0.494768
0.494887
0.495006
0.495125
0.495244
0.495363
0.495482
0.495601
0.49572
0.495839
0.495959
0.496078
0.496197
0.496316
0.496435
0.496554
0.496673
0.496792
0.496911
0.49703
0.497149
0.497268
0.497387
0.497506
0.497625
0.497744
0.497863
0.497983
0.498102
0.498221
0.49834
0.498459
0.498578
0.498697
0.498816
0.498935
0.499054
0.499173
0.499292
0.499411
0.49953
0.499649
0.499768
0.499887
0.500007
0.500185
0.500364
0.500542
0.500721
0.500899
0.501078
0.501257
0.501435
0.501614
0.501792
0.501971
0.502149
0.502328
0.502507
0.502685
0.502864
0.503042
0.503221
0.503399
0.503578
0.503757
0.503935
0.504114
0.504292
0.504471
0.50465
0.504828
0.505007
0.505185
0.505364
0.505542
0.505721
0.5059
0.506078
0.506257
0.506435
0.506614
0.506792
0.506971
0.50715
0.507328
0.507507
0.507685
0.507864
0.508042
0.508221
0.5084
0.508578
0.508757
0.508935
0.509114
0.509292
0.509471
0.50965
0.509828
0.510007
0.510185
0.510364
0.510543
0.510721
0.5109
0.511078
0.511257
0.511435
0.511614
0.511793
0.511971
0.51215
0.512328
0.512507
0.512685
0.512864
0.513043
0.513221
0.5134
0.513578
0.513757
0.513935
0.514114
0.514293
0.51465
0.515007
0.515364
0.515721
0.516078
0.516436
0.516793
0.51715
0.517507
0.517864
0.518221
0.518578
0.518936
0.519293
0.51965
0.520007
0.520364
0.520721
0.521078
0.521436
0.521614
0.521793
0.521971
0.52215
0.522328
0.522507
0.522686
0.522864
0.523043
0.523221
0.5234
0.523579
0.523757
0.523936
0.524114
0.524293
0.524471
0.52465
0.524829
0.525007
0.525186
0.525364
0.525543
0.525721
0.5259
0.526079
0.526257
0.526436
0.526614
0.526793
0.526971
0.52715
0.527329
0.527507
0.527686
0.527864
0.528043
0.528221
0.5284
0.52858
0.528699
0.528818
0.528937
0.529056
0.529175
0.529294
0.529413
0.529532
0.529651
0.52977
0.529889
0.530008
0.530127
0.530246
0.530365
0.530484
0.530603
0.530722
0.530841
0.53096
0.531079
0.531199
0.531318
0.531437
0.531556
0.531675
0.531794
0.531913
0.532032
0.532151
0.53227
0.532389
0.532508
0.532627
0.532746
0.532865
0.532984
0.533103
0.533222
0.533341
0.53346
0.533579
0.533698
0.533817
0.533936
0.534055
0.534174
0.534293
0.534412
0.534531
0.53465
0.534769
0.534888
0.535007
0.535127
0.535246
0.535365
0.535484
0.535603
0.535722
0.5359
0.536079
0.536257
0.536436
0.536615
0.536793
0.536972
0.53715
0.537329
0.537507
0.537686
0.537865
0.538043
0.538222
0.5384
0.538579
0.538757
0.538936
0.539115
0.539293
0.539472
0.53965
0.539829
0.540007
0.540186
0.540365
0.540543
0.540722
0.5409
0.541079
0.541258
0.541436
0.541615
0.541793
0.541972
0.54215
0.542329
0.542508
0.542686
0.542865
0.543043
0.543222
0.5434
0.543579
0.543758
0.543936
0.544115
0.544293
0.544472
0.54465
0.544829
0.545008
0.545186
0.545365
0.545543
0.545722
0.5459
0.546079
0.546258
0.546436
0.546615
0.546793
0.546972
0.54715
0.547329
0.547508
0.547686
0.547865
0.548043
0.548222
0.548401
0.548579
0.548758
0.548936
0.549115
0.549293
0.549472
0.549651
0.549829
0.550008
0.550365
0.550722
0.551079
0.551436
0.551793
0.552151
0.552508
0.552865
0.553222
0.553579
0.553936
0.554294
0.554651
0.555008
0.555365
0.555722
0.556079
0.556436
0.556794
0.557151
0.557508
0.557865
0.558222
0.558579
0.558936
0.559294
0.559651
0.560008
0.560365
0.560722
0.561079
0.561437
0.561794
0.562151
0.562508
0.562865
0.563222
0.563579
0.563937
0.564294
0.564294
0.564294
0.564294
0.564294
0.564294
0.564294
0.564294
0.564294
0.564294
0.564294
0.564294
0.564294
0.564294
0.564294
0.564294
0.564294
0.564294
0.564294
0.564294
0.564294
0.564294
0.564294
0.564294
0.564294
0.564294
0.564294
0.564294
0.564294
0.564294
0.564294
0.564294
0.564294
0.564294
0.564294
0.564294
0.564294
0.564294
0.564294
0.564294
0.564294
0.564651
0.565008
0.565365
0.565722
0.566079
0.566437
0.566794
0.567151
0.567508
0.567865
0.568222
0.56858
0.568937
0.569294
0.569651
0.570008
0.570365
0.570722
0.57108
0.571437
0.571437
0.571437
0.571437
0.571437
0.571437
0.571437
0.571437
0.571437
0.571437
0.571437
0.571437
0.571437
0.571437
0.571437
0.571437
0.571437
0.571437
0.571437
0.571437
0.571437
0.571437
0.571437
0.571437
0.571437
0.571437
0.571437
0.571437
0.571437
0.571437
0.571437
0.571437
0.571437
0.571437
0.571437
0.571437
0.571437
0.571437
0.571437
0.571437
0.57858
0.57858
0.57858
0.57858
0.57858
0.57858
0.57858
0.57858
0.57858
0.57858
0.57858
0.57858
0.57858
0.57858
0.57858
0.57858
0.57858
0.57858
0.57858
0.57858
0.57858
0.57858
0.57858
0.57858
0.57858
0.57858
0.57858
0.57858
0.57858
0.57858
0.57858
0.57858
0.57858
0.57858
0.57858
0.57858
0.57858
0.57858
0.57858
0.57858
0.57858
0.57858
0.57858
0.57858
0.57858
0.57858
0.57858
0.57858
0.57858
0.57858
0.57858
0.57858
0.57858
0.57858
0.57858
0.57858
0.57858
0.57858
0.57858
0.57858
0.57858
0.57858
0.57858
0.57858
0.57858
0.57858
0.57858
0.57858
0.57858
0.57858
0.57858
0.57858
0.57858
0.57858
0.57858
0.57858
0.57858
0.57858
0.57858
0.57858
0.57858
0.57858
0.57858
0.57858
0.57858
0.57858
0.57858
0.57858
0.57858
0.57858
0.57858
0.57858
0.57858
0.57858
0.57858
0.57858
0.57858
0.57858
0.57858
0.57858
0.57858
0.57858
0.57858
0.57858
0.57858
0.57858
0.57858
0.57858
0.57858
0.57858
0.57858
0.57858
0.57858
0.57858
0.57858
0.57858
0.57858
0.57858
0.57858
0.57858
0.57858
0.57858
0.57858
0.57858
0.57858
0.57858
0.57858
0.57858
0.57858
0.57858
0.57858
0.57858
0.57858
0.57858
0.57858
0.57858
0.57858
0.57858
0.57858
0.57858
0.57858
0.57858
0.57858
0.57858
0.57858
0.57858
0.57858
0.57858
0.57858
0.57858
0.57858
0.57858
0.57858
0.57858
0.57858
0.57858
0.57858
0.57858
0.57858
0.57858
0.578581
0.578343
0.578105
0.577867
0.577628
0.57739
0.577152
0.576914
0.576676
0.576438
0.5762
0.575962
0.575724
0.575485
0.575247
0.575009
0.574771
0.574533
0.574295
0.574057
0.573819
0.57358
0.573342
0.573104
0.572866
0.572628
0.57239
0.572152
0.571914
0.571675
0.571437
0.571199
0.570961
0.570723
0.570485
0.570247
0.570009
0.569771
0.569532
0.569294
0.569056
0.568818
0.56858
0.568342
0.568104
0.567866
0.567627
0.567389
0.567151
0.566913
0.566675
0.566437
0.566199
0.565961
0.565722
0.565484
0.565246
0.565008
0.56477
0.564532
0.564294
0.564115
0.563937
0.563758
0.563579
0.563401
0.563222
0.563044
0.562865
0.562687
0.562508
0.562329
0.562151
0.561972
0.561794
0.561615
0.561437
0.561258
0.561079
0.560901
0.560722
0.560544
0.560365
0.560187
0.560008
0.559829
0.559651
0.559472
0.559294
0.559115
0.558936
0.558758
0.558579
0.558401
0.558222
0.558044
0.557865
0.557686
0.557508
0.557329
0.557151
0.556972
0.556794
0.556615
0.556436
0.556258
0.556079
0.555901
0.555722
0.555544
0.555365
0.555186
0.555008
0.554829
0.554651
0.554472
0.554294
0.554115
0.553936
0.553758
0.553579
0.553401
0.553222
0.553043
0.552865
0.552686
0.552508
0.552329
0.552151
0.551972
0.551793
0.551615
0.551436
0.551258
0.551079
0.550901
0.550722
0.550543
0.550365
0.550186
0.550008
0.549651
0.549293
0.548936
0.548579
0.548222
0.547865
0.547508
0.54715
0.546793
0.546436
0.546079
0.545722
0.545365
0.545008
0.54465
0.544293
0.543936
0.543579
0.543222
0.542865
0.542508
0.54215
0.541793
0.541436
0.541079
0.540722
0.540365
0.540007
0.53965
0.539293
0.538936
0.538579
0.538222
0.537865
0.537507
0.53715
0.536793
0.536436
0.536079
0.535722
0.535365
0.535007
0.53465
0.534293
0.533936
0.533579
0.533222
0.532864
0.532507
0.53215
0.531793
0.531436
0.531079
0.530722
0.530364
0.530007
0.52965
0.529293
0.528936
0.528579
0.528579
0.528579
0.528579
0.528579
0.528579
0.528579
0.528579
0.528579
0.528579
0.528579
0.528579
0.528579
0.528579
0.528579
0.528579
0.528579
0.528579
0.528579
0.528579
0.528579
0.528579
0.528579
0.528579
0.528579
0.528579
0.528579
0.528579
0.528579
0.528579
0.528579
0.528579
0.528579
0.528579
0.528579
0.528579
0.528579
0.528579
0.528579
0.528579
0.528579
0.528221
0.527864
0.527507
0.52715
0.526793
0.526436
0.526079
0.525721
0.525364
0.525007
0.52465
0.524293
0.523936
0.523579
0.523221
0.522864
0.522507
0.52215
0.521793
0.521436
0.521436
0.521436
0.521436
0.521436
0.521436
0.521436
0.521436
0.521436
0.521436
0.521436
0.521436
0.521436
0.521436
0.521436
0.521436
0.521436
0.521436
0.521436
0.521436
0.521436
0.521436
0.521436
0.521436
0.521436
0.521436
0.521436
0.521436
0.521436
0.521436
0.521436
0.521436
0.521436
0.521436
0.521436
0.521436
0.521436
0.521436
0.521436
0.521436
0.521436
0.521436
0.521436
0.521436
0.521436
0.521436
0.521436
0.521436
0.521436
0.521436
0.521436
0.521436
0.521436
0.521436
0.521436
0.521436
0.521436
0.521436
0.521436
0.521436
0.521436
0.521436
0.521436
0.521436
0.521436
0.521436
0.521436
0.521436
0.521436
0.521436
0.521436
0.521436
0.521436
0.521436
0.521436
0.521436
0.521436
0.521436
0.521436
0.521436
0.521436
0.521436
0.521436
0.521436
0.521436
0.521436
0.521436
0.521436
0.521436
0.521436
0.521436
0.521436
0.521436
0.521436
0.521436
0.521436
0.521436
0.521436
0.521436
0.521436
0.521436
0.521436
0.521436
0.521436
0.521436
0.521436
0.521436
0.521436
0.521436
0.521436
0.521436
0.521436
0.521436
0.521436
0.521436
0.521436
0.521436
0.521436
0.521436
0.521436
0.521434
0.521315
0.521196
0.521077
0.520958
0.520839
0.52072
0.520601
0.520482
0.520363
0.520244
0.520125
0.520006
0.519887
0.519768
0.519649
0.51953
0.519411
0.519292
0.519173
0.519054
0.518935
0.518816
0.518697
0.518578
0.518459
0.51834
0.518221
0.518102
0.517983
0.517864
0.517744
0.517625
0.517506
0.517387
0.517268
0.517149
0.51703
0.516911
0.516792
0.516673
0.516554
0.516435
0.516316
0.516197
0.516078
0.515959
0.51584
0.515721
0.515602
0.515483
0.515364
0.515245
0.515126
0.515007
0.514888
0.514769
0.51465
0.514531
0.514412
0.514291
0.514172
0.514053
0.513934
0.513815
0.513696
0.513577
0.513458
0.513339
0.51322
0.513101
0.512982
0.512863
0.512744
0.512625
0.512506
0.512387
0.512268
0.512149
0.51203
0.511911
0.511792
0.511673
0.511554
0.511435
0.511316
0.511197
0.511078
0.510959
0.51084
0.51072
0.510601
0.510482
0.510363
0.510244
0.510125
0.510006
0.509887
0.509768
0.509649
0.50953
0.509411
0.509292
0.509173
0.509054
0.508935
0.508816
0.508697
0.508578
0.508459
0.50834
0.508221
0.508102
0.507983
0.507864
0.507745
0.507626
0.507507
0.507388
0.507269
0.50715
0.50715
0.50715
0.50715
0.50715
0.50715
0.50715
0.50715
0.50715
0.50715
0.50715
0.50715
0.50715
0.50715
0.50715
0.50715
0.50715
0.50715
0.50715
0.50715
0.50715
0.50715
0.50715
0.50715
0.50715
0.50715
0.50715
0.50715
0.50715
0.50715
0.50715
0.50715
0.50715
0.50715
0.50715
0.50715
0.50715
0.50715
0.50715
0.50715
0.50715
0.50715
0.50715
0.50715
0.50715
0.50715
0.50715
0.50715
0.50715
0.50715
0.50715
0.50715
0.50715
0.50715
0.50715
0.50715
0.50715
0.50715
0.50715
0.50715
0.50715
0.506971
0.506792
0.506614
0.506435
0.506257
0.506078
0.5059
0.505721
0.505542
0.505364
0.505185
0.505007
0.504828
0.50465
0.504471
0.504292
0.504114
0.503935
0.503757
0.503578
0.503399
0.503221
0.503042
0.502864
0.502685
0.502507
0.502328
0.502149
0.501971
0.501792
0.501614
0.501435
0.501257
0.501078
0.500899
0.500721
0.500542
0.500364
0.500185
0.500007
0.500007
0.500007
0.500007
0.500007
0.500007
0.500007
0.500007
0.500007
0.500007
0.500007
0.500007
0.500007
0.500007
0.500007
0.500007
0.500007
0.500007
0.500007
0.500007
0.500007
0.500007
0.500007
0.500007
0.500007
0.500007
0.500007
0.500007
0.500007
0.500007
0.500007
0.500007
0.500007
0.500007
0.500007
0.500007
0.500007
0.500007
0.500007
0.500007
0.500007
0.500007
0.500007
0.500007
0.500007
0.500007
0.500007
0.500007
0.500007
0.500007
0.500007
0.500007
0.500007
0.500007
0.500007
0.500007
0.500007
0.500007
0.500007
0.500007
0.500007
0.500007
0.500007
0.500007
0.500007
0.500007
0.500007
0.500007
0.500007
0.500007
0.500007
0.500007
0.500007
0.500007
0.500007
0.500007
0.500007
0.500007
0.500007
0.500007
0.500007
0.500007
0.500007
0.500007
0.500007
0.500007
0.500007
0.500007
0.500007
0.500007
0.500007
0.500007
0.500007
0.500007
0.500007
0.500007
0.500007
0.500007
0.500007
0.500007
0.500007
0.500007
0.500007
0.500007
0.500007
0.500007
0.500007
0.500007
0.500007
0.500007
0.500007
0.500007
0.500007
0.500007
0.500007
0.500007
0.500007
0.500007
0.500007
0.500007
0.500007
0.500007
0.500007
0.500007
0.500007
0.500007
0.500007
0.500007
0.500007
0.500007
0.500007
0.500007
0.500007
0.500007
0.500007
0.500007
0.500007
0.500007
0.500007
0.500007
0.500007
0.500007
0.500007
0.500007
0.500007
0.500007
0.500007
0.500007
0.500007
0.500007
0.500007
0.500007
0.500007
0.500007
0.500007
0.500007
0.500007
0.500007
0.500007
0.500007
0.500007
0.500007
0.500007
0.500007
0.500007
0.500007
0.500007
0.500007
0.500007
0.500007
0.500007
0.500007
0.500007
0.500007
0.500007
0.500007
0.500007
0.500007
0.500007
0.500007
0.500007
0.500007
0.500007
0.500007
0.500007
0.500007
0.500007
0.500007
0.500007
0.500007
0.500007
0.500007
0.500007
0.500007
0.500007
0.500007
0.500007
0.500007
0.500007
0.500007
0.500007
0.500007
0.500007
0.500007
0.500007
0.500007
0.500007
0.500007
0.500007
0.500007
0.500007
0.500007
0.500007
0.500007
0.500007
0.500007
0.500007
0.500007
0.500007
0.500007
0.500007
0.500007
0.500007
0.500007
0.500007
0.500007
0.500007
0.500007
0.500007
0.500007
0.500007
0.500007
0.500007
0.500007
0.500007
0.500007
0.500007
0.500007
0.500007
0.500007
0.500007
0.500007
0.500007
0.500007
0.500007
0.500007
0.500007
0.500007
0.500007
0.500007
0.500007
0.500007
0.500007
0.500007
0.500007
0.500007
0.500007
0.500007
0.500007
0.500007
0.500007
0.500007
0.500007
0.500007
0.500007
0.500007
0.500007
0.500007
0.500007
0.500007
0.500007
0.500007
0.500007
0.500007
0.500007
0.500007
0.500007
0.500007
0.500007
0.500007
0.500007
0.500007
0.500007
0.500007
0.500007
0.500007
0.500007
0.500007
0.500007
0.500007
0.500007
0.500007
0.500007
0.500007
0.500007
0.500007
0.500007
0.500007
0.500007
0.500007
0.500007
0.500007
0.500007
0.500007
0.500007
0.500007
0.500007
0.500007
0.500007
0.500007
0.500007
0.500007
0.500007
0.500007
0.500007
0.500007
0.500007
0.500007
0.500007
0.500007
0.500007
0.500007
0.500007
0.500007
0.500007
0.500007
0.500007
0.500007
0.500007
0.500007
0.500007
0.500007
0.500007
0.500007
0.500007
0.500007
0.500007
0.500007
0.500007
0.500007
0.500007
0.500007
0.500007
0.500007
0.500007
0.500007
0.500007
0.500007
0.500007
0.500007
0.500007
0.500007
0.500007
0.500007
0.500007
0.500007
0.500007
0.500007
0.500007
0.500007
0.500007
0.500007
0.500007
0.500007
0.500007
0.500007
0.500007
0.500007
0.500007
0.500007
0.500007
0.500007
0.500007
0.500007
0.500007
0.500007
0.500007
0.500007
0.500007
0.500007
0.500007
0.500007
0.500007
0.500007
0.500007
0.500007
0.500007
0.500007
0.500007
0.500007
0.500007
0.500007
0.500007
0.500007
0.500007
0.500007
0.500007
0.500007
0.500007
0.500007
0.500007
0.500007
0.500007
0.500007
0.500007
0.500007
0.500007
0.500007
0.500007
0.500007
0.500007
0.500007
0.500007
0.500007
0.500007
0.500007
0.500007
0.500007
0.500007
0.500007
0.500007
0.500007
0.500007
0.500007
0.500007
0.500007
0.500007
0.500007
0.500007
0.500007
0.500007
0.500007
0.500007
0.500007
0.500007
0.500007
0.500007
0.500007
0.500007
0.500007
0.500007
0.500007
0.500007
0.500007
0.500007
0.500007
0.500007
0.500007
0.500007
0.500007
0.500007
0.500007
0.500007
0.500007
0.500007
0.500007
0.500007
0.500007
0.500007
0.500007
0.500007
0.500007
0.500007
0.500007
0.500007
0.500007
0.500007
0.500007
0.500007
0.500007
0.500007
0.500007
0.500007
0.500007
0.500007
0.500007
0.500007
0.500007
0.500007
0.500007
0.500007
0.500007
0.500007
0.500007
0.500007
0.500007
0.500007
0.500007
0.500007
0.500007
0.500007
0.500007
0.500007
0.500007
0.500007
0.500007
0.500007
0.500007
0.500007
0.500007
0.500007
0.500007
0.500007
0.500007
0.500007
0.500007
0.500007
0.500007
0.500007
0.500007
0.500007
0.500007
0.500007
0.500007
0.500007
0.500007
0.500007
0.500007
0.500007
0.500007
0.500007
0.500007
0.500007
0.500007
0.500007
0.500007
0.500007
0.500007
0.500007
0.500007
0.500007
0.500007
0.500007
0.500007
0.500007
0.500007
0.500007
0.500007
0.500007
0.500007
0.500007
0.500007
0.500007
0.500007
0.500007
0.500007
0.500007
0.500007
0.500007
0.500007
0.500007
0.500007
0.500007
0.500007
0.500007
0.500007
0.500007
0.500007
0.500007
0.500007
0.500007
0.500007
0.500007
0.500007
0.500007
0.500007
0.500007
0.500007
0.500007
0.500007
0.500007
0.500007
0.500007
0.500007
0.500007
0.500007
0.500007
0.500007
0.500007
0.500007
0.500007
0.500007
0.500007
0.500007
0.500007
0.500007
0.500007
0.500007
0.500007
0.500007
0.500007
0.500007
0.500007
0.500007
0.500007
0.500007
0.500007
0.500007
0.500007
0.500007
0.500007
0.500007
0.500007
0.500007
0.500007
0.500007
0.500007
0.500007
0.500007
0.500007
0.500007
0.500007
0.500007
0.500007
0.500007
0.500007
0.500007
0.500007
0.500007
0.500007
0.500007
0.500007
0.500007
0.500007
0.500007
0.500007
0.500007
0.500007
0.500007
0.500007
0.500007
0.500007
0.500007
0.500007
0.500007
0.500007
0.500007
0.500007
0.500007
0.500007
0.500007
0.500007
0.500007
0.500007
0.500007
0.500007
0.500007
0.500007
0.500007
0.500007
0.500007
0.500007
0.500007
0.500007
0.500007
0.500007
0.500007
0.500007
0.500007
0.500007
0.500007
0.500007
0.500007
0.500007
0.500007
0.500007
0.500007
0.500007
0.500007
0.500007
0.500007
0.500007
0.500007
0.500007
0.500007
0.500007
0.500007
0.500007
0.500007
0.500007
0.500007
0.500007
0.500007
0.500007
0.500007
0.500007
0.500007
0.500007
0.500007
0.500007
0.500007
0.500007
0.500007
0.500007
0.500007
0.500007
0.500007
0.500007
0.500007
0.500007
0.500007
0.500007
0.500007
0.500007
0.500007
0.500007
0.500007
0.500007
0.500007
0.500007
0.500007
0.500007
0.500007
0.500007
0.500007
0.500007
0.500007
0.500007
0.500007
0.500007
0.500007
0.500007
0.500007
0.500007
0.500007
0.500007
0.500007
0.500007
0.500007
0.500007
0.500007
0.500007
0.500007
0.500007
0.500007
0.500007
0.500007
0.500007
0.500007
0.500007
0.500007
0.499649
0.499292
0.498935
0.498578
0.498221
0.497864
0.497506
0.497149
0.496792
0.496435
0.496078
0.495721
0.495364
0.495006
0.494649
0.494292
0.493935
0.493578
0.493221
0.492864
0.492864
0.492864
0.492864
0.492864
0.492864
0.492864
0.492864
0.492864
0.492864
0.492864
0.492864
0.492864
0.492864
0.492864
0.492864
0.492864
0.492864
0.492864
0.492864
0.492864
0.492864
0.492864
0.492864
0.492864
0.492864
0.492864
0.492864
0.492864
0.492864
0.492864
0.492864
0.492864
0.492864
0.492864
0.492864
0.492864
0.492864
0.492864
0.492864
0.492864
0.492864
0.492864
0.492864
0.492864
0.492864
0.492864
0.492864
0.492864
0.492864
0.492864
0.492864
0.492864
0.492864
0.492864
0.492864
0.492864
0.492864
0.492864
0.492864
0.492864
0.492685
0.492506
0.492328
0.492149
0.491971
0.491792
0.491614
0.491435
0.491256
0.491078
0.490899
0.490721
0.490542
0.490363
0.490185
0.490006
0.489828
0.489649
0.489471
0.489292
0.489113
0.488935
0.488756
0.488578
0.488399
0.488221
0.488042
0.487863
0.487685
0.487506
0.487328
0.487149
0.486971
0.486792
0.486613
0.486435
0.486256
0.486078
0.485899
0.485721
0.485721
0.485721
0.485721
0.485721
0.485721
0.485721
0.485721
0.485721
0.485721
0.485721
0.485721
0.485721
0.485721
0.485721
0.485721
0.485721
0.485721
0.485721
0.485721
0.485721
0.485345
0.484969
0.484593
0.484217
0.483841
0.483465
0.483089
0.482713
0.482337
0.481961
0.481585
0.481209
0.480833
0.480457
0.480081
0.479705
0.479329
0.478953
0.478577
0.47822
0.477863
0.477506
0.477149
0.476792
0.476435
0.476077
0.47572
0.475363
0.475006
0.474649
0.474292
0.473935
0.473577
0.47322
0.472863
0.472506
0.472149
0.471792
0.471434
0.471434
0.471434
0.471434
0.471434
0.471434
0.471434
0.471434
0.471434
0.471434
0.471434
0.471434
0.471434
0.471434
0.471434
0.471434
0.471434
0.471434
0.471434
0.471434
0.471434
0.471434
0.471434
0.471434
0.471434
0.471434
0.471434
0.471434
0.471434
0.471434
0.471434
0.471434
0.471434
0.471434
0.471434
0.471434
0.471434
0.471434
0.471434
0.471434
0.471434
0.471434
0.471434
0.471434
0.471434
0.471434
0.471434
0.471434
0.471434
0.471434
0.471434
0.471434
0.471434
0.471434
0.471434
0.471434
0.471434
0.471434
0.471434
0.471434
0.471434
0.471077
0.47072
0.470363
0.470006
0.469649
0.469292
0.468934
0.468577
0.46822
0.467863
0.467506
0.467149
0.466792
0.466434
0.466077
0.46572
0.465363
0.465006
0.464649
0.464291
0.464291
0.464291
0.464291
0.464291
0.464291
0.464291
0.464291
0.464291
0.464291
0.464291
0.464291
0.464291
0.464291
0.464291
0.464291
0.464291
0.464291
0.464291
0.464291
0.464291
0.464291
0.464291
0.464291
0.464291
0.464291
0.464291
0.464291
0.464291
0.464291
0.464291
0.464291
0.464291
0.464291
0.464291
0.464291
0.464291
0.464291
0.464291
0.464291
0.457148
0.457148
0.457148
0.457148
0.457148
0.457148
0.457148
0.457148
0.457148
0.457148
0.457148
0.457148
0.457148
0.457148
0.457148
0.457148
0.457148
0.457148
0.457148
0.457148
0.457148
0.457148
0.457148
0.457148
0.457148
0.457148
0.457148
0.457148
0.457148
0.457148
0.457148
0.457148
0.457148
0.457148
0.457148
0.457148
0.457148
0.457148
0.457148
0.457148
0.457148
0.457148
0.457148
0.457148
0.457148
0.457148
0.457148
0.457148
0.457148
0.457148
0.457148
0.457148
0.457148
0.457148
0.457148
0.457148
0.457148
0.457148
0.457148
0.457148
0.457148
0.457148
0.457148
0.457148
0.457148
0.457148
0.457148
0.457148
0.457148
0.457148
0.457148
0.457148
0.457148
0.457148
0.457148
0.457148
0.457148
0.457148
0.457148
0.457148
0.457148
0.457148
0.457148
0.457148
0.457148
0.457148
0.457148
0.457148
0.457148
0.457148
0.457148
0.457148
0.457148
0.457148
0.457148
0.457148
0.457148
0.457148
0.457148
0.457148
0.457148
0.457148
0.457148
0.457148
0.457148
0.457148
0.457148
0.457148
0.457148
0.457148
0.457148
0.457148
0.457148
0.457148
0.457148
0.457148
0.457148
0.457148
0.457148
0.457148
0.457148
0.457148
0.457148
0.457148
0.457148
0.457148
0.457148
0.457148
0.457148
0.457148
0.457148
0.457148
0.457148
0.457148
0.457148
0.457148
0.457148
0.457148
0.457148
0.457148
0.457148
0.457148
0.457148
0.457148
0.457148
0.457148
0.457148
0.457148
0.457148
0.457148
0.457148
0.457148
0.457148
0.457148
0.457148
0.457148
0.457148
0.457148
0.457148
0.457148
0.457148
0.457148
0.457148
0.457148
0.457148
0.457148
0.457148
0.457148
0.457148
0.457148
0.457148
0.457148
0.457148
0.457148
0.457148
0.457148
0.457148
0.457148
0.457148
0.457148
0.457148
0.457148
0.457148
0.457148
0.457148
0.457148
0.457148
0.457148
0.457148
0.457148
0.457148
0.457148
0.457148
0.457148
0.457148
0.457148
0.457148
0.457148
0.457148
0.457148
0.457148
0.457148
0.457148
0.457148
0.457148
0.457148
0.457148
0.457148
0.457148
0.457148
0.457148
0.457148
0.457148
0.457148
0.457148
0.457148
0.457148
0.457148
0.457148
0.457148
0.457148
0.457148
0.457148
0.457148
0.457148
0.457148
0.457148
0.457148
0.457148
0.457148
0.457148
0.457148
0.457148
0.457148
0.457148
0.457148
0.457148
0.457148
0.457148
0.457148
0.457148
0.457148
0.457148
0.457148
0.457148
0.457148
0.457148
0.457148
0.457148
0.457148
0.457148
0.457148
0.457148
0.457148
0.457148
0.457148
0.457148
0.457148
0.457148
0.457148
0.457148
0.457148
0.457148
0.457148
0.457148
0.457148
0.457148
0.457148
0.457148
0.457148
0.457148
0.457148
0.457148
0.457148
0.457148
0.457148
0.457148
0.457148
0.457148
0.457148
0.457148
0.457148
0.457148
0.457148
0.457148
0.457148
0.457148
0.457148
0.457148
0.457148
0.457148
0.457148
0.457148
0.457148
0.457148
0.457148
0.457148
0.457148
0.457148
0.457148
0.457148
0.457148
0.457148
0.457148
0.457148
0.457148
0.457148
0.457148
0.457148
0.457148
0.457148
0.457148
0.457148
0.457148
0.457148
0.457148
0.457148
0.457148
0.457148
0.457148
0.457148
0.457148
0.457148
0.457148
0.457148
0.457148
0.457148
0.457148
0.457148
0.457148
0.457148
0.457148
0.457148
0.457148
0.457148
0.457148
0.457148
0.457148
0.457148
0.457148
0.457148
0.457148
0.457148
0.457148
0.457148
0.457148
0.457148
0.457148
0.457148
0.457148
0.457148
0.457148
0.457148
0.457148
0.457148
0.457148
0.457148
0.457148
0.457148
0.457148
0.457148
0.457148
0.457148
0.457148
0.457148
0.457148
0.457148
0.457148
0.457148
0.457148
0.457148
0.457148
0.457148
0.457148
0.457148
0.457148
0.457148
0.457148
0.457148
0.457148
0.457148
0.457148
0.457148
0.457148
0.457148
0.457148
0.457148
0.457148
0.457148
0.457148
0.457148
0.457148
0.457148
0.457148
0.457148
0.457148
0.457148
0.457148
0.457148
0.457148
0.457148
0.457148
0.457148
0.457148
0.457148
0.457148
0.457148
0.457148
0.457148
0.457148
0.457148
0.457148
0.457148
0.457148
0.457148
0.457148
0.457148
0.457148
0.457148
0.457148
0.457148
0.457148
0.457148
0.457148
0.457148
0.457148
0.457148
0.457148
0.457148
0.457148
0.457148
0.457148
0.457148
0.457148
0.457148
0.457148
0.457148
0.457148
0.457148
0.457148
0.457148
0.457059
0.45697
0.456881
0.456791
0.456702
0.456613
0.456523
0.456434
0.456345
0.456256
0.456166
0.456077
0.455988
0.455898
0.455809
0.45572
0.455631
0.455541
0.455452
0.455363
0.455273
0.455184
0.455095
0.455006
0.454916
0.454827
0.454738
0.454648
0.454559
0.45447
0.454381
0.454291
0.454202
0.454113
0.454023
0.453934
0.453845
0.453755
0.453666
0.453577
0.453488
0.453398
0.453309
0.45322
0.45313
0.453041
0.452952
0.452863
0.452773
0.452684
0.452595
0.452505
0.452416
0.452327
0.452238
0.452148
0.452059
0.45197
0.45188
0.451791
0.451702
0.451613
0.451523
0.451434
0.451345
0.451255
0.451166
0.451077
0.450988
0.450898
0.450809
0.45072
0.45063
0.450541
0.450452
0.450363
0.450273
0.450184
0.450095
0.450005
0.450005
0.450005
0.450005
0.450005
0.450005
0.450005
0.450005
0.450005
0.450005
0.450005
0.450005
0.450005
0.450005
0.450005
0.450005
0.450005
0.450005
0.450005
0.450005
0.450005
0.450005
0.450005
0.450005
0.450005
0.450005
0.450005
0.450005
0.450005
0.450005
0.450005
0.450005
0.450005
0.450005
0.450005
0.450005
0.450005
0.450005
0.450005
0.450005
0.450006
0.449887
0.449768
0.449649
0.44953
0.449411
0.449292
0.449173
0.449054
0.448934
0.448815
0.448696
0.448577
0.448458
0.448339
0.44822
0.448101
0.447982
0.447863
0.447744
0.447625
0.447506
0.447387
0.447268
0.447149
0.44703
0.44691
0.446791
0.446672
0.446553
0.446434
0.446315
0.446196
0.446077
0.445958
0.445839
0.44572
0.445601
0.445482
0.445363
0.445244
0.445125
0.445005
0.444886
0.444767
0.444648
0.444529
0.44441
0.444291
0.444172
0.444053
0.443934
0.443815
0.443696
0.443577
0.443458
0.443339
0.44322
0.443101
0.442981
0.442863
0.442744
0.442625
0.442506
0.442387
0.442268
0.442149
0.44203
0.441911
0.441791
0.441672
0.441553
0.441434
0.441315
0.441196
0.441077
0.440958
0.440839
0.44072
0.440601
0.440482
0.440363
0.440244
0.440125
0.440006
0.439886
0.439767
0.439648
0.439529
0.43941
0.439291
0.439172
0.439053
0.438934
0.438815
0.438696
0.438577
0.438458
0.438339
0.43822
0.438101
0.437982
0.437862
0.437743
0.437624
0.437505
0.437386
0.437267
0.437148
0.437029
0.43691
0.436791
0.436672
0.436553
0.436434
0.436315
0.436196
0.436077
0.435957
0.435838
0.435719
0.435719
0.435719
0.435719
0.435719
0.435719
0.435719
0.435719
0.435719
0.435719
0.435719
0.435719
0.435719
0.435719
0.435719
0.435719
0.435719
0.435719
0.435719
0.435719
0.435719
0.435362
0.435005
0.434648
0.434291
0.433934
0.433576
0.433219
0.432862
0.432505
0.432148
0.431791
0.431434
0.431076
0.430719
0.430362
0.430005
0.429648
0.429291
0.428934
0.428576
0.428576
0.428576
0.428576
0.428576
0.428576
0.428576
0.428576
0.428576
0.428576
0.428576
0.428576
0.428576
0.428576
0.428576
0.428576
0.428576
0.428576
0.428576
0.428576
0.428576
0.428576
0.428576
0.428576
0.428576
0.428576
0.428576
0.428576
0.428576
0.428576
0.428576
0.428576
0.428576
0.428576
0.428576
0.428576
0.428576
0.428576
0.428576
0.428576
0.428576
0.428219
0.427862
0.427505
0.427148
0.426791
0.426433
0.426076
0.425719
0.425362
0.425005
0.424648
0.424291
0.423933
0.423576
0.423219
0.422862
0.422505
0.422148
0.42179
0.421433
0.421433
0.421433
0.421433
0.421433
0.421433
0.421433
0.421433
0.421433
0.421433
0.421433
0.421433
0.421433
0.421433
0.421433
0.421433
0.421433
0.421433
0.421433
0.421433
0.421433
0.421433
0.421433
0.421433
0.421433
0.421433
0.421433
0.421433
0.421433
0.421433
0.421433
0.421433
0.421433
0.421433
0.421433
0.421433
0.421433
0.421433
0.421433
0.421433
0.421433
0.421433
0.421433
0.421433
0.421433
0.421433
0.421433
0.421433
0.421433
0.421433
0.421433
0.421433
0.421433
0.421433
0.421433
0.421433
0.421433
0.421433
0.421433
0.421433
0.421433
0.421076
0.420719
0.420362
0.420005
0.419648
0.41929
0.418933
0.418576
0.418219
0.417862
0.417505
0.417148
0.41679
0.416433
0.416076
0.415719
0.415362
0.415005
0.414647
0.41429
0.41429
0.41429
0.41429
0.41429
0.41429
0.41429
0.41429
0.41429
0.41429
0.41429
0.41429
0.41429
0.41429
0.41429
0.41429
0.41429
0.41429
0.41429
0.41429
0.41429
0.41429
0.41429
0.41429
0.41429
0.41429
0.41429
0.41429
0.41429
0.41429
0.41429
0.41429
0.41429
0.41429
0.41429
0.41429
0.41429
0.41429
0.41429
0.41429
0.41429
0.41429
0.41429
0.41429
0.41429
0.41429
0.41429
0.41429
0.41429
0.41429
0.41429
0.41429
0.41429
0.41429
0.41429
0.41429
0.41429
0.41429
0.41429
0.41429
0.41429
0.41429
0.41429
0.41429
0.41429
0.41429
0.41429
0.41429
0.41429
0.41429
0.41429
0.41429
0.41429
0.41429
0.41429
0.41429
0.41429
0.41429
0.41429
0.41429
0.41429
0.41429
0.41429
0.41429
0.41429
0.41429
0.41429
0.41429
0.41429
0.41429
0.41429
0.41429
0.41429
0.41429
0.41429
0.41429
0.41429
0.41429
0.41429
0.41429
0.41429
0.41429
0.41429
0.41429
0.41429
0.41429
0.41429
0.41429
0.41429
0.41429
0.41429
0.41429
0.41429
0.41429
0.41429
0.41429
0.41429
0.41429
0.41429
0.41429
0.41429
0.41429
0.41429
0.41429
0.41429
0.41429
0.41429
0.41429
0.41429
0.41429
0.41429
0.41429
0.41429
0.41429
0.41429
0.41429
0.41429
0.41429
0.41429
0.41429
0.41429
0.41429
0.41429
0.41429
0.41429
0.41429
0.41429
0.41429
0.41429
0.41429
0.41429
0.41429
0.41429
0.41429
0.41429
0.41429
0.41429
0.41429
0.41429
0.41429
0.41429
0.41429
0.41429
0.41429
0.41429
0.41429
0.41429
0.41429
0.41429
0.41429
0.41429
0.41429
0.41429
0.41429
0.41429
0.41429
0.41429
0.41429
0.41429
0.41429
0.41429
0.41429
0.41429
0.41429
0.41429
0.41429
0.41429
0.41429
0.41429
0.41429
0.41429
0.41429
0.41429
0.41429
0.41429
0.41429
0.41429
0.41429
0.41429
0.41429
0.41429
0.41429
0.41429
0.41429
0.41429
0.41429
0.41429
0.41429
0.41429
0.41429
0.41429
0.41429
0.41429
0.41429
0.41429
0.41429
0.41429
0.41429
0.41429
0.41429
0.41429
0.41429
0.41429
0.41429
0.41429
0.41429
0.41429
0.41429
0.41429
0.41429
0.41429
0.41429
0.41429
0.41429
0.41429
0.41429
0.41429
0.41429
0.41429
0.41429
0.41429
0.41429
0.41429
0.41429
0.41429
0.41429
0.41429
0.41429
0.41429
0.41429
0.41429
0.41429
0.41429
0.41429
0.41429
0.41429
0.41429
0.41429
0.41429
0.41429
0.41429
0.41429
0.41429
0.41429
0.41429
0.41429
0.41429
0.41429
0.41429
0.41429
0.41429
0.41429
0.41429
0.41429
0.41429
0.41429
0.41429
0.41429
0.41429
0.41429
0.41429
0.41429
0.41429
0.41429
0.41429
0.41429
0.41429
0.41429
0.41429
0.41429
0.41429
0.41429
0.41429
0.41429
0.41429
0.41429
0.41429
0.41429
0.41429
0.41429
0.41429
0.41429
0.41429
0.41429
0.41429
0.41429
0.41429
0.41429
0.41429
0.41429
0.41429
0.41429
0.41429
0.41429
0.41429
0.41429
0.41429
0.41429
0.41429
0.41429
0.41429
0.41429
0.41429
0.41429
0.41429
0.41429
0.41429
0.41429
0.41429
0.41429
0.41429
0.41429
0.41429
0.41429
0.41429
0.41429
0.41429
0.41429
0.41429
0.41429
0.41429
0.41429
0.41429
0.41429
0.41429
0.41429
0.41429
0.41429
0.41429
0.41429
0.41429
0.41429
0.41429
0.41429
0.41429
0.41429
0.41429
0.41429
0.41429
0.41429
0.41429
0.41429
0.41429
0.41429
0.41429
0.41429
0.41429
0.41429
0.41429
0.41429
0.41429
0.41429
0.41429
0.41429
0.41429
0.41429
0.41429
0.41429
0.41429
0.41429
0.41429
0.41429
0.41429
0.41429
0.41429
0.41429
0.41429
0.41429
0.41429
0.41429
0.41429
0.41429
0.41429
0.41429
0.41429
0.41429
0.41429
0.41429
0.41429
0.41429
0.41429
0.41429
0.41429
0.41429
0.41429
0.41429
0.41429
0.41429
0.41429
0.41429
0.41429
0.41429
0.41429
0.41429
0.41429
0.41429
0.41429
0.41429
0.41429
0.41429
0.41429
0.41429
0.41429
0.41429
0.41429
0.41429
0.41429
0.41429
0.41429
0.41429
0.41429
0.41429
0.41429
0.41429
0.41429
0.41429
0.41429
0.41429
0.41429
0.41429
0.41429
0.41429
0.41429
0.41429
0.41429
0.41429
0.41429
0.41429
0.41429
0.41429
0.41429
0.41429
0.41429
0.41429
0.41429
0.41429
0.41429
0.41429
0.41429
0.41429
0.41429
0.41429
0.41429
0.41429
0.41429
0.41429
0.41429
0.41429
0.41429
0.41429
0.41429
0.41429
0.41429
0.41429
0.41429
0.41429
0.41429
0.41429
0.41429
0.41429
0.41429
0.41429
0.41429
0.41429
0.41429
0.41429
0.41429
0.41429
0.41429
0.41429
0.41429
0.41429
0.41429
0.41429
0.41429
0.41429
0.41429
0.41429
0.41429
0.41429
0.41429
0.41429
0.41429
0.41429
0.41429
0.41429
0.41429
0.41429
0.41429
0.41429
0.41429
0.41429
0.41429
0.41429
0.41429
0.41429
0.41429
0.41429
0.41429
0.41429
0.414291
0.414172
0.414053
0.413934
0.413815
0.413696
0.413577
0.413457
0.413338
0.413219
0.4131
0.412981
0.412862
0.412743
0.412624
0.412505
0.412386
0.412267
0.412148
0.412029
0.41191
0.411791
0.411672
0.411553
0.411433
0.411314
0.411195
0.411076
0.410957
0.410838
0.410719
0.4106
0.410481
0.410362
0.410243
0.410124
0.410005
0.409886
0.409767
0.409648
0.409528
0.409409
0.40929
0.409171
0.409052
0.408933
0.408814
0.408695
0.408576
0.408457
0.408338
0.408219
0.4081
0.407981
0.407862
0.407743
0.407624
0.407504
0.407385
0.407266
0.407147
0.406969
0.40679
0.406612
0.406433
0.406254
0.406076
0.405897
0.405719
0.40554
0.405362
0.405183
0.405004
0.404826
0.404647
0.404469
0.40429
0.404112
0.403933
0.403754
0.403576
0.403397
0.403219
0.40304
0.402861
0.402683
0.402504
0.402326
0.402147
0.401969
0.40179
0.401611
0.401433
0.401254
0.401076
0.400897
0.400719
0.40054
0.400361
0.400183
0.400004
0.399826
0.399647
0.399469
0.39929
0.399111
0.398933
0.398754
0.398576
0.398397
0.398219
0.39804
0.397861
0.397683
0.397504
0.397326
0.397147
0.396968
0.39679
0.396611
0.396433
0.396254
0.396076
0.395897
0.395718
0.39554
0.395361
0.395183
0.395004
0.394826
0.394647
0.394468
0.39429
0.394111
0.393933
0.393754
0.393576
0.393397
0.393218
0.39304
0.392861
0.392861
0.392861
0.392861
0.392861
0.392861
0.392861
0.392861
0.392861
0.392861
0.392861
0.392861
0.392861
0.392861
0.392861
0.392861
0.392861
0.392861
0.392861
0.392861
0.392861
0.392861
0.392861
0.392861
0.392861
0.392861
0.392861
0.392861
0.392861
0.392861
0.392861
0.392861
0.392861
0.392861
0.392861
0.392861
0.392861
0.392861
0.392861
0.392861
0.392861
0.392861
0.392861
0.392861
0.392861
0.392861
0.392861
0.392861
0.392861
0.392861
0.392861
0.392861
0.392861
0.392861
0.392861
0.392861
0.392861
0.392861
0.392861
0.392861
0.392861
0.392861
0.392861
0.392861
0.392861
0.392861
0.392861
0.392861
0.392861
0.392861
0.392861
0.392861
0.392861
0.392861
0.392861
0.392861
0.392861
0.392861
0.392861
0.392861
0.392862
0.392743
0.392624
0.392505
0.392386
0.392267
0.392147
0.392028
0.391909
0.39179
0.391671
0.391552
0.391433
0.391314
0.391195
0.391076
0.390957
0.390838
0.390719
0.3906
0.390481
0.390362
0.390243
0.390123
0.390004
0.389885
0.389766
0.389647
0.389528
0.389409
0.38929
0.389171
0.389052
0.388933
0.388814
0.388695
0.388576
0.388457
0.388338
0.388218
0.388099
0.38798
0.387861
0.387742
0.387623
0.387504
0.387385
0.387266
0.387147
0.387028
0.386909
0.38679
0.386671
0.386552
0.386433
0.386314
0.386194
0.386075
0.385956
0.385837
0.385718
0.385718
0.385718
0.385718
0.385718
0.385718
0.385718
0.385718
0.385718
0.385718
0.385718
0.385718
0.385718
0.385718
0.385718
0.385718
0.385718
0.385718
0.385718
0.385718
0.385718
0.385718
0.385718
0.385718
0.385718
0.385718
0.385718
0.385718
0.385718
0.385718
0.385718
0.385718
0.385718
0.385718
0.385718
0.385718
0.385718
0.385718
0.385718
0.385718
0.385718
0.385718
0.385718
0.385718
0.385718
0.385718
0.385718
0.385718
0.385718
0.385718
0.385718
0.385718
0.385718
0.385718
0.385718
0.385718
0.385718
0.385718
0.385718
0.385718
0.385718
0.385718
0.385718
0.385718
0.385718
0.385718
0.385718
0.385718
0.385718
0.385718
0.385718
0.385718
0.385718
0.385718
0.385718
0.385718
0.385718
0.385718
0.385718
0.385718
0.385718
0.385718
0.385718
0.385718
0.385718
0.385718
0.385718
0.385718
0.385718
0.385718
0.385718
0.385718
0.385718
0.385718
0.385718
0.385718
0.385718
0.385718
0.385718
0.385718
0.385718
0.385718
0.385718
0.385718
0.385718
0.385718
0.385718
0.385718
0.385718
0.385718
0.385718
0.385718
0.385718
0.385718
0.385718
0.385718
0.385718
0.385718
0.385718
0.385718
0.385718
0.385718
0.385718
0.385718
0.385718
0.385718
0.385718
0.385718
0.385718
0.385718
0.385718
0.385718
0.385718
0.385718
0.385718
0.385718
0.385718
0.385718
0.385718
0.385718
0.385718
0.385718
0.385718
0.385718
0.385718
0.385718
0.385718
0.385718
0.385718
0.385718
0.385718
0.385718
0.385718
0.385718
0.385718
0.385718
0.385718
0.385718
0.385718
0.385718
0.385718
0.385718
0.385718
0.385718
0.385718
0.385718
0.385718
0.385718
0.385718
0.385718
0.385718
0.385718
0.385718
0.385718
0.385718
0.385718
0.385718
0.385718
0.385718
0.385718
0.385718
0.385718
0.385718
0.385718
0.385718
0.385718
0.385718
0.385718
0.385718
0.385718
0.385718
0.385718
0.385718
0.385718
0.385718
0.385718
0.385718
0.385718
0.385718
0.385718
0.385718
0.385718
0.385718
0.385718
0.385718
0.385718
0.385718
0.385718
0.385718
0.385718
0.385718
0.385718
0.385718
0.385718
0.385718
0.385718
0.385718
0.385718
0.385718
0.385718
0.385718
0.385718
0.385718
0.385718
0.385718
0.385718
0.385718
0.385718
0.385718
0.385718
0.385718
0.385718
0.385718
0.385718
0.385718
0.385718
0.385718
0.385718
0.385718
0.385718
0.385718
0.385718
0.385718
0.385718
0.385718
0.385718
0.385718
0.385718
0.385718
0.385718
0.385718
0.385718
0.385718
0.385718
0.385718
0.385718
0.385718
0.385718
0.385718
0.385718
0.385718
0.385718
0.385718
0.385718
0.385718
0.385718
0.385718
0.385718
0.385718
0.385718
0.385718
0.385718
0.385718
0.385718
0.385718
0.385718
0.385718
0.385718
0.385718
0.385718
0.385718
0.386075
0.386433
0.38679
0.387147
0.387504
0.387861
0.388218
0.388575
0.388933
0.38929
0.389647
0.390004
0.390361
0.390718
0.391075
0.391433
0.39179
0.392147
0.392504
0.392861
0.392861
0.392861
0.392861
0.392861
0.392861
0.392861
0.392861
0.392861
0.392861
0.392861
0.392861
0.392861
0.392861
0.392861
0.392861
0.392861
0.392861
0.392861
0.392861
0.392861
0.393218
0.393576
0.393933
0.39429
0.394647
0.395004
0.395361
0.395718
0.396076
0.396433
0.39679
0.397147
0.397504
0.397861
0.398219
0.398576
0.398933
0.39929
0.399647
0.400004
0.400004
0.400004
0.400004
0.400004
0.400004
0.400004
0.400004
0.400004
0.400004
0.400004
0.400004
0.400004
0.400004
0.400004
0.400004
0.400004
0.400004
0.400004
0.400004
0.400004
0.400123
0.400242
0.400361
0.40048
0.400599
0.400718
0.400837
0.400956
0.401075
0.401194
0.401313
0.401432
0.401551
0.401671
0.40179
0.401909
0.402028
0.402147
0.402266
0.402385
0.402504
0.402623
0.402742
0.402861
0.40298
0.403099
0.403218
0.403337
0.403456
0.403575
0.403695
0.403814
0.403933
0.404052
0.404171
0.40429
0.404409
0.404528
0.404647
0.404766
0.404885
0.405004
0.405123
0.405242
0.405361
0.40548
0.4056
0.405719
0.405838
0.405957
0.406076
0.406195
0.406314
0.406433
0.406552
0.406671
0.40679
0.406909
0.407028
0.407147
0.407147
0.407147
0.407147
0.407147
0.407147
0.407147
0.407147
0.407147
0.407147
0.407147
0.407147
0.407147
0.407147
0.407147
0.407147
0.407147
0.407147
0.407147
0.407147
0.407147
0.407147
0.407147
0.407147
0.407147
0.407147
0.407147
0.407147
0.407147
0.407147
0.407147
0.407147
0.407147
0.407147
0.407147
0.407147
0.407147
0.407147
0.407147
0.407147
0.407147
0.407147
0.407147
0.407147
0.407147
0.407147
0.407147
0.407147
0.407147
0.407147
0.407147
0.407147
0.407147
0.407147
0.407147
0.407147
0.407147
0.407147
0.407147
0.407147
0.407147
0.407147
0.407147
0.407147
0.407147
0.407147
0.407147
0.407147
0.407147
0.407147
0.407147
0.407147
0.407147
0.407147
0.407147
0.407147
0.407147
0.407147
0.407147
0.407147
0.407147
0.407147
0.407147
0.407147
0.407147
0.407147
0.407147
0.407147
0.407147
0.407147
0.407147
0.407147
0.407147
0.407147
0.407147
0.407147
0.407147
0.407147
0.407147
0.407147
0.41429
0.41429
0.41429
0.41429
0.41429
0.41429
0.41429
0.41429
0.41429
0.41429
0.41429
0.41429
0.41429
0.41429
0.41429
0.41429
0.41429
0.41429
0.41429
0.41429
0.41429
0.41429
0.41429
0.41429
0.41429
0.41429
0.41429
0.41429
0.41429
0.41429
0.41429
0.41429
0.41429
0.41429
0.41429
0.41429
0.41429
0.41429
0.41429
0.41429
0.41429
0.41429
0.41429
0.41429
0.41429
0.41429
0.41429
0.41429
0.41429
0.41429
0.41429
0.41429
0.41429
0.41429
0.41429
0.41429
0.41429
0.41429
0.41429
0.41429
0.41429
0.414647
0.415005
0.415362
0.415719
0.416076
0.416433
0.41679
0.417148
0.417505
0.417862
0.418219
0.418576
0.418933
0.41929
0.419648
0.420005
0.420362
0.420719
0.421076
0.421433
0.421433
0.421433
0.421433
0.421433
0.421433
0.421433
0.421433
0.421433
0.421433
0.421433
0.421433
0.421433
0.421433
0.421433
0.421433
0.421433
0.421433
0.421433
0.421433
0.421433
0.421433
0.421433
0.421433
0.421433
0.421433
0.421433
0.421433
0.421433
0.421433
0.421433
0.421433
0.421433
0.421433
0.421433
0.421433
0.421433
0.421433
0.421433
0.421433
0.421433
0.421433
0.421433
0.421433
0.421433
0.421433
0.421433
0.421433
0.421433
0.421433
0.421433
0.421433
0.421433
0.421433
0.421433
0.421433
0.421433
0.421433
0.421433
0.421433
0.421433
0.42179
0.422148
0.422505
0.422862
0.423219
0.423576
0.423933
0.424291
0.424648
0.425005
0.425362
0.425719
0.426076
0.426433
0.426791
0.427148
0.427505
0.427862
0.428219
0.428576
0.428576
0.428576
0.428576
0.428576
0.428576
0.428576
0.428576
0.428576
0.428576
0.428576
0.428576
0.428576
0.428576
0.428576
0.428576
0.428576
0.428576
0.428576
0.428576
0.428576
0.428576
0.428576
0.428576
0.428576
0.428576
0.428576
0.428576
0.428576
0.428576
0.428576
0.428576
0.428576
0.428576
0.428576
0.428576
0.428576
0.428576
0.428576
0.428576
0.428576
0.428576
0.428576
0.428576
0.428576
0.428576
0.428576
0.428576
0.428576
0.428576
0.428576
0.428576
0.428576
0.428576
0.428576
0.428576
0.428576
0.428576
0.428576
0.428576
0.428576
0.428576
0.428576
0.428576
0.428576
0.428576
0.428576
0.428576
0.428576
0.428576
0.428576
0.428576
0.428576
0.428576
0.428576
0.428576
0.428576
0.428576
0.428576
0.428576
0.428576
0.428755
0.428934
0.429112
0.429291
0.429469
0.429648
0.429826
0.430005
0.430184
0.430362
0.430541
0.430719
0.430898
0.431076
0.431255
0.431434
0.431612
0.431791
0.431969
0.432148
0.432326
0.432505
0.432684
0.432862
0.433041
0.433219
0.433398
0.433576
0.433755
0.433934
0.434112
0.434291
0.434469
0.434648
0.434826
0.435005
0.435184
0.435362
0.435541
0.435719
0.435719
0.435719
0.435719
0.435719
0.435719
0.435719
0.435719
0.435719
0.435719
0.435719
0.435719
0.435719
0.435719
0.435719
0.435719
0.435719
0.435719
0.435719
0.435719
0.435719
0.435719
0.435719
0.435719
0.435719
0.435719
0.435719
0.435719
0.435719
0.435719
0.435719
0.435719
0.435719
0.435719
0.435719
0.435719
0.435719
0.435719
0.435719
0.435719
0.435719
0.436434
0.437148
0.437862
0.438577
0.439291
0.440005
0.440719
0.441434
0.442148
0.442862
0.443577
0.444291
0.445005
0.44572
0.446434
0.447148
0.447863
0.448577
0.449291
0.450005
0.450184
0.450363
0.450541
0.45072
0.450898
0.451077
0.451255
0.451434
0.451613
0.451791
0.45197
0.452148
0.452327
0.452505
0.452684
0.452863
0.453041
0.45322
0.453398
0.453577
0.453755
0.453934
0.454113
0.454291
0.45447
0.454648
0.454827
0.455006
0.455184
0.455363
0.455541
0.45572
0.455898
0.456077
0.456256
0.456434
0.456613
0.456791
0.45697
0.457148
0.457148
0.457148
0.457148
0.457148
0.457148
0.457148
0.457148
0.457148
0.457148
0.457148
0.457148
0.457148
0.457148
0.457148
0.457148
0.457148
0.457148
0.457148
0.457148
0.457148
0.457148
0.457148
0.457148
0.457148
0.457148
0.457148
0.457148
0.457148
0.457148
0.457148
0.457148
0.457148
0.457148
0.457148
0.457148
0.457148
0.457148
0.457148
0.457148
0.457148
0.457148
0.457148
0.457148
0.457148
0.457148
0.457148
0.457148
0.457148
0.457148
0.457148
0.457148
0.457148
0.457148
0.457148
0.457148
0.457148
0.457148
0.457148
0.457148
0.457148
0.457148
0.457148
0.457148
0.457148
0.457148
0.457148
0.457148
0.457148
0.457148
0.457148
0.457148
0.457148
0.457148
0.457148
0.457148
0.457148
0.457148
0.457148
0.457148
0.457148
0.457148
0.457148
0.457148
0.457148
0.457148
0.457148
0.457148
0.457148
0.457148
0.457148
0.457148
0.457148
0.457148
0.457148
0.457148
0.457148
0.457148
0.457148
0.457148
0.457148
0.457148
0.457148
0.457148
0.457148
0.457148
0.457148
0.457148
0.457148
0.457148
0.457148
0.457148
0.457148
0.457148
0.457148
0.457148
0.457148
0.457148
0.457148
0.457148
0.457148
0.457148
0.457148
0.457148
0.457148
0.457148
0.457148
0.457148
0.457148
0.457148
0.457148
0.457148
0.457148
0.457148
0.457148
0.457148
0.457148
0.457148
0.457148
0.457148
0.457148
0.457148
0.457148
0.457148
0.457148
0.457148
0.457148
0.457148
0.457148
0.457148
0.457148
0.457148
0.457148
0.457148
0.457148
0.457148
0.457148
0.457148
0.457148
0.457148
0.457148
0.457148
0.457148
0.457148
0.457148
0.457148
0.457148
0.457148
0.457148
0.457148
0.457148
0.457148
0.457148
0.457148
0.457148
0.457148
0.457148
0.457148
0.457148
0.457148
0.457148
0.457148
0.457148
0.457148
0.457148
0.457148
0.457148
0.457148
0.457148
0.457148
0.457148
0.457148
0.457148
0.457148
0.457148
0.457148
0.457148
0.457148
0.457148
0.457148
0.457148
0.457148
0.457148
0.457148
0.457148
0.457148
0.457148
0.457148
0.457148
0.457148
0.457148
0.457148
0.457148
0.457148
0.457148
0.457148
0.457148
0.457148
0.457148
0.457148
0.457148
0.457148
0.457148
0.457148
0.457148
0.457148
0.457148
0.457148
0.457148
0.457148
0.457148
0.457148
0.457148
0.457148
0.457148
0.457148
0.457148
0.457148
0.457148
0.457148
0.457148
0.457148
0.457148
0.457148
0.457148
0.457148
0.457148
0.457148
0.457148
0.457148
0.457148
0.457148
0.457148
0.457148
0.457148
0.457148
0.457148
0.457148
0.457148
0.457148
0.457148
0.457148
0.457148
0.457148
0.457148
0.457148
0.457148
0.457148
0.457148
0.457148
0.457148
0.457148
0.457148
0.457148
0.457148
0.457148
0.457148
0.457148
0.457148
0.457148
0.457148
0.457148
0.457148
0.457148
0.457148
0.457148
0.457148
0.457148
0.457148
0.457148
0.457148
0.457148
0.457148
0.457148
0.457148
0.457148
0.457148
0.457148
0.457148
0.457148
0.457148
0.457148
0.457148
0.457148
0.457148
0.457148
0.457148
0.457148
0.457148
0.457148
0.457148
0.457148
0.457148
0.457148
0.457148
0.457148
0.457148
0.457148
0.457148
0.457148
0.457148
0.457148
0.457148
0.457148
0.457148
0.457148
0.457148
0.457148
0.457148
0.457148
0.457148
0.457148
0.457148
0.457148
0.457148
0.457148
0.457148
0.457148
0.457148
0.457148
0.457148
0.457148
0.457148
0.457148
0.457148
0.457148
0.457148
0.457148
0.457148
0.457148
0.457148
0.457148
0.457148
0.457148
0.457148
0.457148
0.457148
0.457148
0.457148
0.457148
0.457148
0.457148
0.457148
0.457148
0.457148
0.457148
0.457148
0.457148
0.457148
0.457148
0.457148
0.457148
0.457148
0.457148
0.457148
0.457148
0.457148
0.457148
0.457148
0.457148
0.457148
0.457148
0.457148
0.457148
0.457148
0.457148
0.457148
0.457148
0.457148
0.457148
0.457148
0.457148
0.457148
0.457148
0.457148
0.457148
0.457148
0.457148
0.457148
0.457148
0.457148
0.457148
0.457148
0.457148
0.457148
0.457148
0.457148
0.457148
0.457148
0.457148
0.457148
0.457148
0.457148
0.457148
0.457148
0.457148
0.457148
0.457148
0.457148
0.457148
0.457148
0.457148
0.457148
0.457148
0.457148
0.457148
0.457148
0.457148
0.457148
0.457148
0.457148
0.457148
0.457148
0.457148
0.457148
0.457148
0.457148
0.457148
0.457148
0.457148
0.457149
0.45703
0.456911
0.456792
0.456673
0.456554
0.456435
0.456316
0.456197
0.456077
0.455958
0.455839
0.45572
0.455601
0.455482
0.455363
0.455244
0.455125
0.455006
0.454887
0.454768
0.454649
0.45453
0.454411
0.454292
0.454173
0.454053
0.453934
0.453815
0.453696
0.453577
0.453458
0.453339
0.45322
0.453101
0.452982
0.452863
0.452744
0.452625
0.452506
0.452387
0.452268
0.452148
0.452029
0.45191
0.451791
0.451672
0.451553
0.451434
0.451315
0.451196
0.451077
0.450958
0.450839
0.45072
0.450601
0.450482
0.450363
0.450244
0.450124
0.450005
0.450005
0.450005
0.450005
0.450005
0.450005
0.450005
0.450005
0.450005
0.450005
0.450005
0.450005
0.450005
0.450005
0.450005
0.450005
0.450005
0.450005
0.450005
0.450005
0.450005
0.450005
0.450005
0.450005
0.450005
0.450005
0.450005
0.450005
0.450005
0.450005
0.450005
0.450005
0.450005
0.450005
0.450005
0.450005
0.450005
0.450005
0.450005
0.450005
0.450005
0.450005
0.450005
0.450005
0.450005
0.450005
0.450005
0.450005
0.450005
0.450005
0.450005
0.450005
0.450005
0.450005
0.450005
0.450005
0.450005
0.450005
0.450005
0.450005
0.450005
0.450005
0.450005
0.450005
0.450005
0.450005
0.450005
0.450005
0.450005
0.450005
0.450005
0.450005
0.450005
0.450005
0.450005
0.450005
0.450005
0.450005
0.450005
0.450005
0.450005
0.450005
0.450005
0.450005
0.450005
0.450005
0.450005
0.450005
0.450005
0.450005
0.450005
0.450005
0.450005
0.450005
0.450005
0.450005
0.450005
0.450005
0.450005
0.450005
0.450005
0.450005
0.450005
0.450005
0.450005
0.450005
0.450005
0.450005
0.450005
0.450005
0.450005
0.450005
0.450005
0.450005
0.450005
0.450005
0.450005
0.450005
0.450005
0.450005
0.450005
0.450005
0.450005
0.450005
0.450005
0.450005
0.450005
0.450005
0.450005
0.450005
0.450005
0.450005
0.450005
0.450005
0.450005
0.450005
0.450005
0.450005
0.450005
0.450005
0.450005
0.449827
0.449648
0.44947
0.449291
0.449113
0.448934
0.448755
0.448577
0.448398
0.44822
0.448041
0.447863
0.447684
0.447505
0.447327
0.447148
0.44697
0.446791
0.446612
0.446434
0.446255
0.446077
0.445898
0.44572
0.445541
0.445362
0.445184
0.445005
0.444827
0.444648
0.44447
0.444291
0.444112
0.443934
0.443755
0.443577
0.443398
0.44322
0.443041
0.442862
0.442862
0.442862
0.442862
0.442862
0.442862
0.442862
0.442862
0.442862
0.442862
0.442862
0.442862
0.442862
0.442862
0.442862
0.442862
0.442862
0.442862
0.442862
0.442862
0.442862
0.442862
0.442862
0.442862
0.442862
0.442862
0.442862
0.442862
0.442862
0.442862
0.442862
0.442862
0.442862
0.442862
0.442862
0.442862
0.442862
0.442862
0.442862
0.442862
0.442862
0.442862
0.442862
0.442862
0.442862
0.442862
0.442862
0.442862
0.442862
0.442862
0.442862
0.442862
0.442862
0.442862
0.442862
0.442862
0.442862
0.442862
0.442862
0.442862
0.442862
0.442862
0.442862
0.442862
0.442862
0.442862
0.442862
0.442862
0.442862
0.442862
0.442862
0.442862
0.442862
0.442862
0.442862
0.442862
0.442862
0.442862
0.442862
0.442862
0.442862
0.442862
0.442862
0.442862
0.442862
0.442862
0.442862
0.442862
0.442862
0.442862
0.442862
0.442862
0.442862
0.442862
0.442862
0.442862
0.442862
0.442862
0.442862
0.442862
0.442862
0.442862
0.442862
0.442862
0.442862
0.442862
0.442862
0.442862
0.442862
0.442862
0.442862
0.442862
0.442862
0.442862
0.442862
0.442862
0.442862
0.442862
0.442862
0.442862
0.442862
0.442862
0.442862
0.442862
0.442862
0.442862
0.442862
0.442862
0.442862
0.442862
0.442862
0.442862
0.442862
0.442862
0.442862
0.442862
0.442862
0.442862
0.442862
0.442862
0.442862
0.442862
0.442862
0.442862
0.442862
0.442862
0.442862
0.442862
0.442862
0.442862
0.442862
0.442862
0.442862
0.442862
0.442862
0.442862
0.442862
0.442862
0.442862
0.442862
0.442862
0.442862
0.442862
0.442862
0.442862
0.442862
0.442862
0.442862
0.442862
0.442862
0.442862
0.442862
0.442862
0.442862
0.442862
0.442862
0.442862
0.442862
0.442862
0.442862
0.442862
0.442862
0.442862
0.442862
0.442862
0.442862
0.442862
0.442862
0.442862
0.442862
0.442862
0.442862
0.442862
0.442862
0.442862
0.442862
0.442862
0.442862
0.442862
0.442862
0.442862
0.442684
0.442505
0.442327
0.442148
0.44197
0.441791
0.441612
0.441434
0.441255
0.441077
0.440898
0.440719
0.440541
0.440362
0.440184
0.440005
0.439827
0.439648
0.439469
0.439291
0.439112
0.438934
0.438755
0.438577
0.438398
0.438219
0.438041
0.437862
0.437684
0.437505
0.437327
0.437148
0.436969
0.436791
0.436612
0.436434
0.436255
0.436077
0.435898
0.435719
0.435362
0.435005
0.434648
0.434291
0.433934
0.433576
0.433219
0.432862
0.432505
0.432148
0.431791
0.431434
0.431076
0.430719
0.430362
0.430005
0.429648
0.429291
0.428934
0.428576
0.428398
0.428219
0.428041
0.427862
0.427683
0.427505
0.427326
0.427148
0.426969
0.426791
0.426612
0.426433
0.426255
0.426076
0.425898
0.425719
0.425541
0.425362
0.425183
0.425005
0.424826
0.424648
0.424469
0.424291
0.424112
0.423933
0.423755
0.423576
0.423398
0.423219
0.423041
0.422862
0.422683
0.422505
0.422326
0.422148
0.421969
0.42179
0.421612
0.421433
0.421076
0.420719
0.420362
0.420005
0.419648
0.41929
0.418933
0.418576
0.418219
0.417862
0.417505
0.417148
0.41679
0.416433
0.416076
0.415719
0.415362
0.415005
0.414647
0.41429
0.413933
0.413576
0.413219
0.412862
0.412505
0.412147
0.41179
0.411433
0.411076
0.410719
0.410362
0.410004
0.409647
0.40929
0.408933
0.408576
0.408219
0.407862
0.407504
0.407147
0.407147
0.407147
0.407147
0.407147
0.407147
0.407147
0.407147
0.407147
0.407147
0.407147
0.407147
0.407147
0.407147
0.407147
0.407147
0.407147
0.407147
0.407147
0.407147
0.400004
0.400004
0.400004
0.400004
0.400004
0.400004
0.400004
0.400004
0.400004
0.400004
0.400004
0.400004
0.400004
0.400004
0.400004
0.400004
0.400004
0.400004
0.400004
0.400004
0.400004
0.400004
0.400004
0.400004
0.400004
0.400004
0.400004
0.400004
0.400004
0.400004
0.400004
0.400004
0.400004
0.400004
0.400004
0.400004
0.400004
0.400004
0.400004
0.400004
0.400004
0.400004
0.400004
0.400004
0.400004
0.400004
0.400004
0.400004
0.400004
0.400004
0.400004
0.400004
0.400004
0.400004
0.400004
0.400004
0.400004
0.400004
0.400004
0.400004
0.400004
0.400004
0.400004
0.400004
0.400004
0.400004
0.400004
0.400004
0.400004
0.400004
0.400004
0.400004
0.400004
0.400004
0.400004
0.400004
0.400004
0.400004
0.400004
0.400004
0.400004
0.400004
0.400004
0.400004
0.400004
0.400004
0.400004
0.400004
0.400004
0.400004
0.400004
0.400004
0.400004
0.400004
0.400004
0.400004
0.400004
0.400004
0.400004
0.400004
0.400004
0.400004
0.400004
0.400004
0.400004
0.400004
0.400004
0.400004
0.400004
0.400004
0.400004
0.400004
0.400004
0.400004
0.400004
0.400004
0.400004
0.400004
0.400004
0.400004
0.400004
0.400004
0.400004
0.400004
0.400004
0.400004
0.400004
0.400004
0.400004
0.400004
0.400004
0.400004
0.400004
0.400004
0.400004
0.400004
0.400004
0.400004
0.400004
0.400004
0.400004
0.400004
0.400004
0.400004
0.400004
0.400004
0.400004
0.400004
0.400004
0.400004
0.400004
0.400004
0.400004
0.400004
0.400004
0.400004
0.400004
0.400004
0.400004
0.400004
0.400004
0.400004
0.400004
0.400004
0.400004
0.400004
0.400004
0.400004
0.400004
0.400004
0.400004
0.400004
0.400004
0.400004
0.400004
0.400004
0.400004
0.400004
0.400004
0.400004
0.400004
0.400004
0.400004
0.400004
0.400004
0.400004
0.400004
0.400004
0.400004
0.400004
0.400004
0.400004
0.400004
0.400004
0.400004
0.400004
0.400004
0.400004
0.400004
0.400004
0.400004
0.400004
0.400004
0.400004
0.400004
0.400004
0.400004
0.400004
0.400004
0.400004
0.400004
0.400004
0.400004
0.400004
0.400004
0.400004
0.400004
0.400004
0.400004
0.400004
0.400004
0.400004
0.400004
0.400004
0.400004
0.400004
0.400004
0.400004
0.400004
0.400004
0.400004
0.400004
0.400004
0.400004
0.400004
0.400004
0.400004
0.400004
0.400004
0.400004
0.400004
0.400004
0.400004
0.400004
0.400004
0.400004
0.400004
0.400004
0.400004
0.400004
0.400004
0.400004
0.400004
0.400004
0.400004
0.400004
0.400004
0.400004
0.400004
0.400004
0.392861
0.392861
0.392861
0.392861
0.392861
0.392861
0.392861
0.392861
0.392861
0.392861
0.392861
0.392861
0.392861
0.392861
0.392861
0.392861
0.392861
0.392861
0.392861
0.392861
0.385718
0.385718
0.385718
0.385718
0.385718
0.385718
0.385718
0.385718
0.385718
0.385718
0.385718
0.385718
0.385718
0.385718
0.385718
0.385718
0.385718
0.385718
0.385718
0.385718
0.385718
0.35
0.35
0.35
0.35
0.35
0.35
0.35
0.35
0.35
0.35
0.35
0.35
0.35
0.35
0.35
0.35
0.35
0.35
0.35
0.35
0.335714
0.335714
0.335714
0.335714
0.335714
0.335714
0.335714
0.335714
0.335714
0.335714
0.335714
0.335714
0.335714
0.335714
0.335714
0.335714
0.335714
0.335714
0.335714
0.335714
0.307142
0.307142
0.307142
0.307142
0.307142
0.307142
0.307142
0.307142
0.307142
0.307142
0.307142
0.307142
0.307142
0.307142
0.307142
0.307142
0.307142
0.307142
0.307142
0.307142
0.0142857
0.0142857
0.0142857
0.0142857
0.0142857
0.0142857
0.0142857
0.0142857
0.0142857
0.0142857
0.0142857
0.0142857
0.0142857
0.0142857
0.0142857
0.0142857
0.0142857
0.0142857
0.0142857
0.0142857
0.0142857
0.0142857
0.0142857
0.0142857
0.0142857
0.0142857
0.0142857
0.0142857
0.0142857
0.0142857
0.0142857
0.0142857
0.0142857
0.0142857
0.0142857
0.0142857
0.0142857
0.0142857
0.0142857
0.0142857
0
0
0
0
0
0
0
0
0
0
0
0
0
0
0
0
0
0
0
0
-0.00714302
