0.0428424
0.136078
0.136454
0.136829
0.137205
0.137581
0.137957
0.138333
0.138709
0.139085
0.139461
0.139837
0.140213
0.140589
0.140965
0.141341
0.141717
0.142093
0.142469
0.142845
0.171774
0.172131
0.172488
0.172845
0.173203
0.17356
0.173917
0.174274
0.174631
0.174988
0.175345
0.175703
0.17606
0.176417
0.176774
0.177131
0.177488
0.177845
0.178203
0.17856
0.250347
0.250704
0.251061
0.251419
0.251776
0.252133
0.25249
0.252847
0.253204
0.253561
0.253919
0.254276
0.254633
0.25499
0.255347
0.255704
0.256062
0.256419
0.256776
0.971429
0.971429
0.971429
0.971429
0.971429
0.971429
0.971429
0.971429
0.971429
0.971429
0.971429
0.971429
0.971429
0.971429
0.971429
0.971429
0.971429
0.971429
0.971429
0.971429
0.971429
0.971429
0.971429
0.971429
0.971429
0.971429
0.971429
0.971429
0.971429
0.971429
0.971429
0.971429
0.971429
0.971429
0.971429
0.971429
0.971429
0.971429
0.971429
0.971429
0.87857
0.878213
0.877856
0.877499
0.877142
0.876785
0.876427
0.87607
0.875713
0.875356
0.874999
0.874642
0.874284
0.873927
0.87357
0.873213
0.872856
0.872499
0.872142
0.871784
0.871427
0.87107
0.870713
0.870356
0.869999
0.869641
0.869284
0.868927
0.86857
0.868213
0.867856
0.867499
0.867141
0.866784
0.866427
0.86607
0.865713
0.865356
0.864999
0.864641
0.864284
0.86357
0.862856
0.862141
0.861427
0.860713
0.859998
0.859284
0.85857
0.857855
0.857141
0.856427
0.855713
0.854998
0.854284
0.85357
0.852855
0.852141
0.851427
0.850712
0.849998
0.849641
0.849284
0.848927
0.84857
0.848212
0.847855
0.847498
0.847141
0.846784
0.846427
0.84607
0.845712
0.845355
0.844998
0.844641
0.844284
0.843927
0.843569
0.843212
0.828569
0.828212
0.827855
0.827498
0.827141
0.826783
0.826426
0.826069
0.825712
0.825355
0.824998
0.82464
0.824283
0.823926
0.823569
0.823212
0.822855
0.822498
0.82214
0.821783
0.821426
0.821069
0.820712
0.820355
0.819997
0.81964
0.819283
0.818926
0.818569
0.818212
0.817855
0.817497
0.81714
0.816783
0.816426
0.816069
0.815712
0.815355
0.814997
0.81464
0.80714
0.806783
0.806426
0.806069
0.805711
0.805354
0.804997
0.80464
0.804283
0.803926
0.803569
0.803211
0.802854
0.802497
0.80214
0.801783
0.801426
0.801068
0.800711
0.800354
0.792854
0.792497
0.79214
0.791783
0.791425
0.791068
0.790711
0.790354
0.789997
0.78964
0.789283
0.788925
0.788568
0.788211
0.787854
0.787497
0.78714
0.786782
0.786425
0.786068
0.771425
0.771425
0.771425
0.771425
0.771425
0.771425
0.771425
0.771425
0.771425
0.771425
0.771425
0.771425
0.771425
0.771425
0.771425
0.771425
0.771425
0.771425
0.771425
0.771425
0.73571
0.71428
0.71428
0.71428
0.71428
0.71428
0.71428
0.71428
0.71428
0.71428
0.71428
0.71428
0.71428
0.71428
0.71428
0.71428
0.71428
0.71428
0.71428
0.71428
0.514275
0.514275
0.514275
0.514275
0.514275
0.514275
0.514275
0.514275
0.514275
0.514275
0.514275
0.514275
0.514275
0.514275
0.514275
0.514275
0.514275
0.514275
0.514275
0.514275
0.47856
0.47856
0.47856
0.47856
0.47856
0.47856
0.47856
0.47856
0.47856
0.47856
0.47856
0.47856
0.47856
0.47856
0.47856
0.47856
0.47856
0.47856
0.47856
0.47856
0.442845
0.442845
0.442845
0.442845
0.442845
0.442845
0.442845
0.442845
0.442845
0.442845
0.442845
0.442845
0.442845
0.442845
0.442845
0.442845
0.442845
0.442845
0.442845
0.442845
0.414273
0.363927
0.36357
0.363213
0.362855
0.362498
0.362141
0.361784
0.361427
0.36107
0.360713
0.360355
0.359998
0.359641
0.359284
0.358927
0.35857
0.358213
0.357855
0.357498
0.285712
0.285712
0.285712
0.285712
0.285712
0.285712
0.285712
0.285712
0.285712
0.285712
0.285712
0.285712
0.285712
0.285712
0.285712
0.285712
0.285712
0.285712
0.285712
0.285712
0.271426
0.271426
0.271426
0.271426
0.271426
0.271426
0.271426
0.271426
0.271426
0.271426
0.271426
0.271426
0.271426
0.271426
0.271426
0.271426
0.271426
0.271426
0.271426
0.271426
0.264283
0.264283
0.264283
0.264283
0.264283
0.264283
0.264283
0.264283
0.264283
0.264283
0.264283
0.264283
0.264283
0.264283
0.264283
0.264283
0.264283
0.264283
0.264283
0.264283
0.264283
0.264283
0.264283
0.264283
0.264283
0.264283
0.264283
0.264283
0.264283
0.264283
0.264283
0.264283
0.264283
0.264283
0.264283
0.264283
0.264283
0.264283
0.264283
0.264283
0.264283
0.263926
0.263569
0.263211
0.262854
0.262497
0.26214
0.261783
0.261426
0.261069
0.260711
0.260354
0.259997
0.25964
0.259283
0.258926
0.258569
0.258211
0.257854
0.257497
0.25714
0.256783
0.256426
0.256068
0.255711
0.255354
0.254997
0.25464
0.254283
0.253926
0.253568
0.253211
0.252854
0.252497
0.25214
0.251783
0.251426
0.251068
0.250711
0.250354
0.249997
0.24964
0.249283
0.248925
0.248568
0.248211
0.247854
0.247497
0.24714
0.246783
0.246425
0.246068
0.245711
0.245354
0.244997
0.24464
0.244282
0.243925
0.243568
0.243211
0.242854
0.242854
0.242854
0.242854
0.242854
0.242854
0.242854
0.242854
0.242854
0.242854
0.242854
0.242854
0.242854
0.242854
0.242854
0.242854
0.242854
0.242854
0.242854
0.242854
0.242854
0.242854
0.242854
0.242854
0.242854
0.242854
0.242854
0.242854
0.242854
0.242854
0.242854
0.242854
0.242854
0.242854
0.242854
0.242854
0.242854
0.242854
0.242854
0.242854
0.235711
0.235711
0.235711
0.235711
0.235711
0.235711
0.235711
0.235711
0.235711
0.235711
0.235711
0.235711
0.235711
0.235711
0.235711
0.235711
0.235711
0.235711
0.235711
0.235711
0.235711
0.235354
0.234997
0.234639
0.234282
0.233925
0.233568
0.233211
0.232854
0.232497
0.232139
0.231782
0.231425
0.231068
0.230711
0.230354
0.229996
0.229639
0.229282
0.228925
0.228568
0.228568
0.228568
0.228568
0.228568
0.228568
0.228568
0.228568
0.228568
0.228568
0.228568
0.228568
0.228568
0.228568
0.228568
0.228568
0.228568
0.228568
0.228568
0.228568
0.228568
0.228211
0.227854
0.227496
0.227139
0.226782
0.226425
0.226068
0.225711
0.225353
0.224996
0.224639
0.224282
0.223925
0.223568
0.223211
0.222853
0.222496
0.222139
0.221782
0.221425
0.221425
0.221425
0.221425
0.221425
0.221425
0.221425
0.221425
0.221425
0.221425
0.221425
0.221425
0.221425
0.221425
0.221425
0.221425
0.221425
0.221425
0.221425
0.221425
0.214282
0.214282
0.214282
0.214282
0.214282
0.214282
0.214282
0.214282
0.214282
0.214282
0.214282
0.214282
0.214282
0.214282
0.214282
0.214282
0.214282
0.214282
0.214282
0.214282
0.214282
0.214282
0.214282
0.214282
0.214282
0.214282
0.214282
0.214282
0.214282
0.214282
0.214282
0.214282
0.214282
0.214282
0.214282
0.214282
0.214282
0.214282
0.214282
0.214282
0.207139
0.207139
0.207139
0.207139
0.207139
0.207139
0.207139
0.207139
0.207139
0.207139
0.207139
0.207139
0.207139
0.207139
0.207139
0.207139
0.207139
0.207139
0.207139
0.207139
0.207139
0.207139
0.207139
0.207139
0.207139
0.207139
0.207139
0.207139
0.207139
0.207139
0.207139
0.207139
0.207139
0.207139
0.207139
0.207139
0.207139
0.207139
0.207139
0.207139
0.207139
0.207139
0.207139
0.207139
0.207139
0.207139
0.207139
0.207139
0.207139
0.207139
0.207139
0.207139
0.207139
0.207139
0.207139
0.207139
0.207139
0.207139
0.207139
0.207139
0.199996
0.199996
0.199996
0.199996
0.199996
0.199996
0.199996
0.199996
0.199996
0.199996
0.199996
0.199996
0.199996
0.199996
0.199996
0.199996
0.199996
0.199996
0.199996
0.199996
0.199996
0.199996
0.199996
0.199996
0.199996
0.199996
0.199996
0.199996
0.199996
0.199996
0.199996
0.199996
0.199996
0.199996
0.199996
0.199996
0.199996
0.199996
0.199996
0.199996
0.199996
0.199996
0.199996
0.199996
0.199996
0.199996
0.199996
0.199996
0.199996
0.199996
0.199996
0.199996
0.199996
0.199996
0.199996
0.199996
0.199996
0.199996
0.199996
0.199996
0.199996
0.199996
0.199996
0.199996
0.199996
0.199996
0.199996
0.199996
0.199996
0.199996
0.199996
0.199996
0.199996
0.199996
0.199996
0.199996
0.199996
0.199996
0.199996
0.199996
0.199996
0.199996
0.199996
0.199996
0.199996
0.199996
0.199996
0.199996
0.199996
0.199996
0.199996
0.199996
0.199996
0.199996
0.199996
0.199996
0.199996
0.199996
0.199996
0.199996
0.199996
0.199639
0.199281
0.198924
0.198567
0.19821
0.197853
0.197496
0.197139
0.196781
0.196424
0.196067
0.19571
0.195353
0.194996
0.194638
0.194281
0.193924
0.193567
0.19321
0.192853
0.192853
0.192853
0.192853
0.192853
0.192853
0.192853
0.192853
0.192853
0.192853
0.192853
0.192853
0.192853
0.192853
0.192853
0.192853
0.192853
0.192853
0.192853
0.192853
0.192853
0.192853
0.192853
0.192853
0.192853
0.192853
0.192853
0.192853
0.192853
0.192853
0.192853
0.192853
0.192853
0.192853
0.192853
0.192853
0.192853
0.192853
0.192853
0.192853
0.192853
0.192496
0.192138
0.191781
0.191424
0.191067
0.19071
0.190353
0.189996
0.189638
0.189281
0.188924
0.188567
0.18821
0.187853
0.187495
0.187138
0.186781
0.186424
0.186067
0.18571
0.18571
0.18571
0.18571
0.18571
0.18571
0.18571
0.18571
0.18571
0.18571
0.18571
0.18571
0.18571
0.18571
0.18571
0.18571
0.18571
0.18571
0.18571
0.18571
0.18571
0.18571
0.18571
0.18571
0.18571
0.18571
0.18571
0.18571
0.18571
0.18571
0.18571
0.18571
0.18571
0.18571
0.18571
0.18571
0.18571
0.18571
0.18571
0.18571
0.178567
0.178567
0.178567
0.178567
0.178567
0.178567
0.178567
0.178567
0.178567
0.178567
0.178567
0.178567
0.178567
0.178567
0.178567
0.178567
0.178567
0.178567
0.178567
0.178567
0.178567
0.178567
0.178567
0.178567
0.178567
0.178567
0.178567
0.178567
0.178567
0.178567
0.178567
0.178567
0.178567
0.178567
0.178567
0.178567
0.178567
0.178567
0.178567
0.178567
0.171424
0.171424
0.171424
0.171424
0.171424
0.171424
0.171424
0.171424
0.171424
0.171424
0.171424
0.171424
0.171424
0.171424
0.171424
0.171424
0.171424
0.171424
0.171424
0.171424
0.171424
0.171067
0.170709
0.170352
0.169995
0.169638
0.169281
0.168924
0.168566
0.168209
0.167852
0.167495
0.167138
0.166781
0.166424
0.166066
0.165709
0.165352
0.164995
0.164638
0.164281
0.164281
0.164281
0.164281
0.164281
0.164281
0.164281
0.164281
0.164281
0.164281
0.164281
0.164281
0.164281
0.164281
0.164281
0.164281
0.164281
0.164281
0.164281
0.164281
0.164281
0.164102
0.163924
0.163745
0.163566
0.163388
0.163209
0.163031
0.162852
0.162673
0.162495
0.162316
0.162138
0.161959
0.161781
0.161602
0.161423
0.161245
0.161066
0.160888
0.160709
0.160531
0.160352
0.160173
0.159995
0.159816
0.159638
0.159459
0.159281
0.159102
0.158923
0.158745
0.158566
0.158388
0.158209
0.158031
0.157852
0.157673
0.157495
0.157316
0.157138
0.157138
0.157138
0.157138
0.157138
0.157138
0.157138
0.157138
0.157138
0.157138
0.157138
0.157138
0.157138
0.157138
0.157138
0.157138
0.157138
0.157138
0.157138
0.157138
0.157138
0.15678
0.156423
0.156066
0.155709
0.155352
0.154995
0.154638
0.15428
0.153923
0.153566
0.153209
0.152852
0.152495
0.152138
0.15178
0.151423
0.151066
0.150709
0.150352
0.149995
0.149995
0.149995
0.149995
0.149995
0.149995
0.149995
0.149995
0.149995
0.149995
0.149995
0.149995
0.149995
0.149995
0.149995
0.149995
0.149995
0.149995
0.149995
0.149995
0.149995
0.149995
0.149995
0.149995
0.149995
0.149995
0.149995
0.149995
0.149995
0.149995
0.149995
0.149995
0.149995
0.149995
0.149995
0.149995
0.149995
0.149995
0.149995
0.149995
0.149995
0.149995
0.149995
0.149995
0.149995
0.149995
0.149995
0.149995
0.149995
0.149995
0.149995
0.149995
0.149995
0.149995
0.149995
0.149995
0.149995
0.149995
0.149995
0.149995
0.149995
0.149995
0.149995
0.149995
0.149995
0.149995
0.149995
0.149995
0.149995
0.149995
0.149995
0.149995
0.149995
0.149995
0.149995
0.149995
0.149995
0.149995
0.149995
0.149995
0.149995
0.149816
0.149637
0.149459
0.14928
0.149102
0.148923
0.148745
0.148566
0.148387
0.148209
0.14803
0.147852
0.147673
0.147495
0.147316
0.147137
0.146959
0.14678
0.146602
0.146423
0.146245
0.146066
0.145887
0.145709
0.14553
0.145352
0.145173
0.144994
0.144816
0.144637
0.144459
0.14428
0.144102
0.143923
0.143744
0.143566
0.143387
0.143209
0.14303
0.142852
0.142494
0.142137
0.14178
0.141423
0.141066
0.140709
0.140352
0.139994
0.139637
0.13928
0.138923
0.138566
0.138209
0.137851
0.137494
0.137137
0.13678
0.136423
0.136066
0.135709
0.135351
0.134994
0.134637
0.13428
0.133923
0.133566
0.133209
0.132851
0.132494
0.132137
0.13178
0.131423
0.131066
0.130708
0.130351
0.129994
0.129637
0.12928
0.128923
0.128566
0.128208
0.127851
0.127494
0.127137
0.12678
0.126423
0.126065
0.125708
0.125351
0.124994
0.124637
0.12428
0.123923
0.123565
0.123208
0.122851
0.122494
0.122137
0.12178
0.121423
0.121065
0.120708
0.120351
0.119994
0.119637
0.11928
0.118922
0.118565
0.118208
0.117851
0.117494
0.117137
0.11678
0.116422
0.116065
0.115708
0.115351
0.114994
0.114637
0.11428
0.113922
0.113565
0.113208
0.112851
0.112494
0.112137
0.111779
0.111422
0.111065
0.110708
0.110351
0.109994
0.109637
0.109279
0.108922
0.108565
0.108208
0.107851
0.107494
0.107136
0.106958
0.106779
0.106601
0.106422
0.106244
0.106065
0.105886
0.105708
0.105529
0.105351
0.105172
0.104994
0.104815
0.104636
0.104458
0.104279
0.104101
0.103922
0.103744
0.103565
0.103386
0.103208
0.103029
0.102851
0.102672
0.102494
0.102315
0.102136
0.101958
0.101779
0.101601
0.101422
0.101243
0.101065
0.100886
0.100708
0.100529
0.100351
0.100172
0.0999935
0.0998149
0.0996363
0.0994577
0.0992792
0.0991006
0.098922
0.0987434
0.0985649
0.0983863
0.0982077
0.0980291
0.0978506
0.097672
0.0974934
0.0973148
0.0971363
0.0969577
0.0967791
0.0966005
0.096422
0.0962434
0.0960648
0.0958862
0.0957077
0.0955291
0.0953505
0.0951719
0.0949934
0.0948148
0.0946362
0.0944576
0.0942791
0.0941005
0.0939219
0.0937433
0.0935647
0.0933862
0.0932076
0.093029
0.0928504
0.0926719
0.0924933
0.0923147
0.0921361
0.0919576
0.091779
0.0916004
0.0914218
0.0912433
0.0910647
0.0908861
0.0907075
0.090529
0.0903504
0.0901718
0.0899932
0.0898147
0.0896361
0.0894575
0.0892789
0.0891004
0.0889218
0.0887432
0.0885646
0.0883861
0.0882075
0.0880289
0.0878503
0.0876718
0.0874932
0.0873146
0.087136
0.0869575
0.0867789
0.0866003
0.0864217
0.0862432
0.0860646
0.085886
0.0857074
0.0857074
0.0857074
0.0857074
0.0857074
0.0857074
0.0857074
0.0857074
0.0857074
0.0857074
0.0857074
0.0857074
0.0857074
0.0857074
0.0857074
0.0857074
0.0857074
0.0857074
0.0857074
0.0857074
0.0857074
0.0857074
0.0857074
0.0857074
0.0857074
0.0857074
0.0857074
0.0857074
0.0857074
0.0857074
0.0857074
0.0857074
0.0857074
0.0857074
0.0857074
0.0857074
0.0857074
0.0857074
0.0857074
0.0857074
0.0857074
0.0855289
0.0853503
0.0851717
0.0849931
0.0848145
0.084636
0.0844574
0.0842788
0.0841002
0.0839217
0.0837431
0.0835645
0.0833859
0.0832074
0.0830288
0.0828502
0.0826716
0.0824931
0.0823145
0.0821359
0.0819573
0.0817788
0.0816002
0.0814216
0.081243
0.0810645
0.0808859
0.0807073
0.0805287
0.0803502
0.0801716
0.079993
0.0798144
0.0796359
0.0794573
0.0792787
0.0791001
0.0789216
0.078743
0.0785644
0.0782073
0.0778501
0.077493
0.0771358
0.0767787
0.0764215
0.0760643
0.0757072
0.07535
0.0749929
0.0746357
0.0742786
0.0739214
0.0735643
0.0732071
0.07285
0.0724928
0.0721357
0.0717785
0.0714214
0.0714214
0.0714214
0.0714214
0.0714214
0.0714214
0.0714214
0.0714214
0.0714214
0.0714214
0.0714214
0.0714214
0.0714214
0.0714214
0.0714214
0.0714214
0.0714214
0.0714214
0.0714214
0.0714214
0.0714214
0.0714214
0.0714214
0.0714214
0.0714214
0.0714214
0.0714214
0.0714214
0.0714214
0.0714214
0.0714214
0.0714214
0.0714214
0.0714214
0.0714214
0.0714214
0.0714214
0.0714214
0.0714214
0.0714214
0.0714214
0.0714214
0.0714214
0.0714214
0.0714214
0.0714214
0.0714214
0.0714214
0.0714214
0.0714214
0.0714214
0.0714214
0.0714214
0.0714214
0.0714214
0.0714214
0.0714214
0.0714214
0.0714214
0.0714214
0.0714214
0.0714214
0.0714214
0.0714214
0.0714214
0.0714214
0.0714214
0.0714214
0.0714214
0.0714214
0.0714214
0.0714214
0.0714214
0.0714214
0.0714214
0.0714214
0.0714214
0.0714214
0.0714214
0.0714214
0.0714214
0.0714214
0.0714214
0.0714214
0.0714214
0.0714214
0.0714214
0.0714214
0.0714214
0.0714214
0.0714214
0.0714214
0.0714214
0.0714214
0.0714214
0.0714214
0.0714214
0.0714214
0.0714214
0.0714214
0.0714214
0.0714214
0.0714214
0.0714214
0.0714214
0.0714214
0.0714214
0.0714214
0.0714214
0.0714214
0.0714214
0.0714214
0.0714214
0.0714214
0.0714214
0.0714214
0.0714214
0.0714214
0.0714214
0.0714214
0.0714214
0.0714214
0.0714214
0.0714214
0.0714214
0.0714214
0.0714214
0.0714214
0.0714214
0.0714214
0.0714214
0.0714214
0.0714214
0.0714214
0.0714214
0.0714214
0.0714214
0.0714214
0.0714214
0.0714214
0.0714214
0.0714214
0.0714214
0.0714214
0.0714214
0.0714214
0.0714214
0.0714214
0.0714214
0.0714214
0.0714214
0.0714214
0.0714214
0.0714214
0.0714214
0.0714214
0.0714214
0.0714214
0.0714214
0.0714214
0.0714214
0.0714214
0.0714214
0.0714214
0.0714214
0.0714214
0.0714214
0.0714214
0.0714214
0.0714214
0.0714214
0.0714214
0.0714214
0.0714214
0.0714214
0.0714214
0.0714214
0.0714214
0.0714214
0.0714214
0.0714214
0.0714214
0.0714214
0.0714214
0.0714214
0.0714214
0.0714214
0.0714214
0.0714214
0.0714214
0.0714214
0.0714214
0.0714214
0.0714214
0.0714214
0.0714214
0.0714214
0.0714214
0.0714214
0.0714214
0.0714214
0.0714214
0.0714214
0.0714214
0.0714214
0.0714214
0.0714214
0.0714214
0.0714214
0.0714214
0.0714214
0.0714214
0.0714214
0.0714214
0.0714214
0.0714214
0.0714214
0.0714214
0.0714214
0.0714214
0.0714214
0.0714214
0.0714214
0.0714214
0.0714214
0.0714214
0.0714214
0.0714214
0.0714214
0.0714214
0.0714214
0.0714214
0.0714214
0.0714214
0.0714214
0.0714214
0.0714214
0.0714214
0.0714214
0.0714214
0.0714214
0.0714214
0.0714214
0.0714214
0.0714214
0.0714214
0.0714214
0.0714214
0.0714214
0.0714214
0.0714214
0.0714214
0.0714214
0.0714214
0.0714214
0.0714214
0.0714214
0.0714214
0.0714214
0.0714214
0.0714214
0.0714214
0.0714214
0.0714214
0.0714214
0.0714214
0.0714214
0.0714214
0.0714214
0.0714214
0.0714214
0.0714214
0.0714214
0.0714214
0.0714214
0.0714214
0.0714214
0.0714214
0.0714214
0.0714214
0.0714214
0.0714214
0.0714214
0.0714214
0.0714214
0.0714214
0.0714214
0.0714214
0.0714214
0.0714214
0.0714214
0.0714214
0.0714214
0.0714214
0.0714214
0.0714214
0.0714214
0.0714214
0.0714214
0.0714214
0.0714214
0.0714214
0.0714214
0.0714214
0.0714214
0.0714214
0.0714214
0.0714214
0.0714214
0.0714214
0.0714214
0.0714214
0.0714214
0.0714214
0.0714214
0.0714214
0.0714214
0.0714214
0.0714214
0.0714214
0.0714214
0.0714214
0.0714214
0.0714214
0.0714214
0.0714214
0.0714214
0.0714214
0.0714214
0.0714214
0.0714214
0.0714214
0.0714214
0.0714214
0.0714214
0.0714214
0.0714214
0.0714214
0.0714214
0.0714214
0.0714214
0.0714214
0.0714214
0.0714214
0.0714214
0.0714214
0.0714214
0.0714214
0.0714214
0.0714214
0.0714214
0.0714214
0.0714214
0.0714214
0.0714214
0.0714214
0.0714214
0.0714214
0.0714214
0.0714214
0.0714214
0.0714214
0.0714214
0.0714214
0.0714214
0.0714214
0.0714214
0.0714214
0.0714214
0.0714214
0.0714214
0.0714214
0.0714214
0.0714214
0.0714214
0.0714214
0.0714214
0.0714214
0.0714214
0.0714214
0.0714214
0.0714214
0.0714214
0.0714214
0.0714214
0.0714214
0.0714214
0.0714214
0.0714214
0.0714214
0.0714214
0.0714214
0.0714214
0.0714214
0.0714214
0.0714214
0.0714214
0.0714214
0.0714214
0.0714214
0.0714214
0.0714214
0.0714214
0.0714214
0.0714214
0.0714214
0.0714214
0.0714214
0.0714214
0.0714214
0.0714214
0.0714214
0.0714214
0.0714214
0.0714214
0.0714214
0.0714214
0.0714214
0.0714214
0.0714214
0.0714214
0.0714214
0.0714214
0.0714214
0.0714214
0.0714214
0.0714214
0.0714214
0.0714214
0.0714214
0.0714214
0.0714214
0.0714214
0.0714214
0.0714214
0.0714214
0.0714214
0.0714214
0.0714214
0.0714214
0.0714214
0.0714214
0.0714214
0.0714214
0.0714214
0.0714214
0.0714214
0.0714214
0.0714214
0.0714214
0.0714214
0.0714214
0.0714214
0.0714214
0.0714214
0.0714214
0.0714214
0.0714214
0.0714214
0.0714214
0.0714214
0.0714214
0.0714214
0.0714214
0.0714214
0.0714214
0.0714214
0.0714214
0.0714214
0.0714214
0.0714214
0.0714214
0.0714214
0.0714214
0.0714214
0.0714214
0.0714214
0.0714214
0.0714214
0.0714214
0.0714214
0.0712428
0.0710642
0.0708857
0.0707071
0.0705285
0.0703499
0.0701714
0.0699928
0.0698142
0.0696356
0.0694571
0.0692785
0.0690999
0.0689213
0.0687428
0.0685642
0.0683856
0.068207
0.0680285
0.0678499
0.0676713
0.0674927
0.0673141
0.0671356
0.066957
0.0667784
0.0665998
0.0664213
0.0662427
0.0660641
0.0658855
0.065707
0.0655284
0.0653498
0.0651712
0.0649927
0.0648141
0.0646355
0.0644569
0.0642784
0.0642784
0.0642784
0.0642784
0.0642784
0.0642784
0.0642784
0.0642784
0.0642784
0.0642784
0.0642784
0.0642784
0.0642784
0.0642784
0.0642784
0.0642784
0.0642784
0.0642784
0.0642784
0.0642784
0.0642784
0.0642784
0.0642784
0.0642784
0.0642784
0.0642784
0.0642784
0.0642784
0.0642784
0.0642784
0.0642784
0.0642784
0.0642784
0.0642784
0.0642784
0.0642784
0.0642784
0.0642784
0.0642784
0.0642784
0.0642784
0.0642784
0.0642784
0.0642784
0.0642784
0.0642784
0.0642784
0.0642784
0.0642784
0.0642784
0.0642784
0.0642784
0.0642784
0.0642784
0.0642784
0.0642784
0.0642784
0.0642784
0.0642784
0.0642784
0.0642784
0.0642784
0.0642784
0.0642784
0.0642784
0.0642784
0.0642784
0.0642784
0.0642784
0.0642784
0.0642784
0.0642784
0.0642784
0.0642784
0.0642784
0.0642784
0.0642784
0.0642784
0.0642784
0.0642784
0.0642784
0.0642784
0.0642784
0.0642784
0.0642784
0.0642784
0.0642784
0.0642784
0.0642784
0.0642784
0.0642784
0.0642784
0.0642784
0.0642784
0.0642784
0.0642784
0.0642784
0.0642784
0.0642784
0.0642784
0.0642784
0.0642784
0.0642784
0.0642784
0.0642784
0.0642784
0.0642784
0.0642784
0.0642784
0.0642784
0.0642784
0.0642784
0.0642784
0.0642784
0.0642784
0.0642784
0.0642784
0.0642784
0.0642784
0.0642784
0.0642784
0.0642784
0.0642784
0.0642784
0.0642784
0.0642784
0.0642784
0.0642784
0.0642784
0.0642784
0.0642784
0.0642784
0.0642784
0.0642784
0.0642784
0.0642784
0.0642784
0.0642784
0.0642784
0.0642784
0.0642784
0.0642784
0.0642784
0.0642784
0.0642784
0.0642784
0.0642784
0.0642784
0.0642784
0.0642784
0.0642784
0.0642784
0.0642784
0.0642784
0.0642784
0.0642784
0.0642784
0.0642784
0.0642784
0.0642784
0.0642784
0.0642784
0.0642784
0.0642784
0.0642784
0.0642784
0.0642784
0.0642784
0.0642784
0.0642784
0.0642784
0.0642784
0.0642784
0.0642784
0.0642784
0.0642784
0.0642784
0.0642784
0.0642784
0.0642784
0.0642784
0.0642784
0.0642784
0.0642784
0.0642784
0.0642784
0.0642784
0.0642784
0.0642784
0.0642784
0.0642784
0.0642784
0.0642784
0.0642784
0.0642784
0.0642784
0.0642784
0.0642784
0.0642784
0.0642784
0.0642784
0.0642784
0.0642784
0.0642784
0.0642784
0.0642784
0.0642784
0.0642784
0.0642784
0.0642784
0.0642784
0.0642784
0.0642784
0.0642784
0.0642784
0.0642784
0.0642784
0.0642784
0.0642784
0.0642784
0.0642784
0.0642784
0.0642784
0.0642784
0.0642784
0.0642784
0.0642784
0.0642784
0.0642784
0.0642784
0.0642784
0.0642784
0.0642784
0.0642784
0.0642784
0.0642784
0.0642784
0.0642784
0.0642784
0.0642784
0.0642784
0.0642784
0.0642784
0.0642784
0.0642784
0.0642784
0.0642784
0.0642784
0.0642784
0.0642784
0.0642784
0.0642784
0.0642784
0.0642784
0.0642784
0.0642784
0.0642784
0.0642784
0.0642784
0.0642784
0.0642784
0.0642784
0.0642784
0.0642784
0.0642784
0.0642784
0.0642784
0.0642784
0.0642784
0.0642784
0.0642784
0.0642784
0.0642784
0.0642784
0.0642784
0.0642784
0.0642784
0.0642784
0.0642784
0.0642784
0.0642784
0.0642784
0.0642784
0.0642784
0.0642784
0.0642784
0.0642784
0.0642784
0.0642784
0.0642784
0.0642784
0.0642784
0.0642784
0.0642784
0.0642784
0.0642784
0.0642784
0.0642784
0.0642784
0.0642784
0.0642784
0.0642784
0.0642784
0.0642784
0.0642784
0.0642784
0.0642784
0.0642784
0.0642784
0.0642784
0.0642784
0.0642784
0.0642784
0.0642784
0.0642784
0.0642784
0.0642784
0.0642784
0.0642784
0.0642784
0.0642784
0.0642784
0.0642784
0.0642784
0.0642784
0.0642784
0.0642784
0.0642784
0.0642784
0.0642784
0.0642784
0.0642784
0.0642784
0.0642784
0.0642784
0.0642784
0.0642784
0.0642784
0.0642784
0.0642784
0.0642784
0.0642784
0.0642784
0.0642784
0.0642784
0.0642784
0.0642784
0.0642784
0.0642784
0.0642784
0.0642784
0.0642784
0.0642784
0.0642784
0.0642784
0.0642784
0.0642784
0.0642784
0.0642784
0.0642784
0.0642784
0.0642784
0.0642784
0.0642784
0.0642784
0.0642784
0.0642784
0.0642784
0.0642784
0.0642784
0.0642784
0.0642784
0.0642784
0.0642784
0.0642784
0.0642784
0.0642784
0.0642784
0.0642784
0.0642784
0.0642784
0.0642784
0.0642784
0.0642784
0.0642784
0.0642784
0.0642784
0.0642784
0.0642784
0.0642784
0.0642784
0.0642784
0.0642784
0.0642784
0.0642784
0.0642784
0.0642784
0.0642784
0.0642784
0.0642784
0.0642784
0.0642784
0.0642784
0.0642784
0.0642784
0.0642784
0.0642784
0.0642784
0.0642784
0.0642784
0.0642784
0.0642784
0.0642784
0.0642784
0.0642784
0.0642784
0.0642784
0.0642784
0.0642784
0.0642784
0.0642784
0.0642784
0.0642784
0.0642784
0.0642784
0.0642784
0.0642784
0.0642784
0.0642784
0.0642784
0.0642784
0.0642784
0.0642784
0.0642784
0.0642784
0.0642784
0.0642784
0.0642784
0.0642784
0.0642784
0.0642784
0.0642784
0.0642784
0.0642784
0.0642784
0.0642784
0.0642784
0.0642784
0.0642784
0.0642784
0.0642784
0.0642784
0.0642784
0.0642784
0.0642784
0.0642784
0.0642784
0.0642784
0.0642784
0.0642784
0.0642784
0.0642784
0.0642784
0.0642784
0.0642784
0.0642784
0.0642784
0.0642784
0.0642784
0.0642784
0.0642784
0.0642784
0.0642784
0.0642784
0.0642784
0.0642784
0.0642784
0.0642784
0.0642784
0.0642784
0.0642784
0.0642784
0.0642784
0.0642784
0.0642784
0.0642784
0.0642784
0.0642784
0.0642784
0.0642784
0.0642784
0.0642784
0.0642784
0.0642784
0.0642784
0.0642784
0.0642784
0.0642784
0.0642784
0.0642784
0.0642784
0.0642784
0.0642784
0.0642784
0.0642784
0.0642784
0.0642784
0.0642784
0.0642784
0.0642784
0.0642784
0.0642784
0.0642784
0.0642784
0.0642784
0.0642784
0.0642784
0.0642784
0.0642784
0.0642784
0.0642784
0.0641891
0.0640998
0.0640105
0.0639212
0.0638319
0.0637426
0.0636533
0.0635641
0.0634748
0.0633855
0.0632962
0.0632069
0.0631176
0.0630283
0.062939
0.0628498
0.0627605
0.0626712
0.0625819
0.0624926
0.0624033
0.062314
0.0622247
0.0621355
0.0620462
0.0619569
0.0618676
0.0617783
0.061689
0.0615997
0.0615104
0.0614212
0.0613319
0.0612426
0.0611533
0.061064
0.0609747
0.0608854
0.0607961
0.0607069
0.0606176
0.0605283
0.060439
0.0603497
0.0602604
0.0601711
0.0600818
0.0599926
0.0599033
0.059814
0.0597247
0.0596354
0.0595461
0.0594568
0.0593675
0.0592782
0.059189
0.0590997
0.0590104
0.0589211
0.0588318
0.0587425
0.0586532
0.0585639
0.0584747
0.0583854
0.0582961
0.0582068
0.0581175
0.0580282
0.0579389
0.0578496
0.0577604
0.0576711
0.0575818
0.0574925
0.0574032
0.0573139
0.0572246
0.0571353
0.0570461
0.0569568
0.0568675
0.0567782
0.0566889
0.0565996
0.0565103
0.056421
0.0563318
0.0562425
0.0561532
0.0560639
0.0559746
0.0558853
0.055796
0.0557067
0.0556175
0.0555282
0.0554389
0.0553496
0.0552603
0.055171
0.0550817
0.0549924
0.0549031
0.0548139
0.0547246
0.0546353
0.054546
0.0544567
0.0543674
0.0542781
0.0541888
0.0540996
0.0540103
0.053921
0.0538317
0.0537424
0.0536531
0.0535638
0.0534745
0.0533853
0.053296
0.0532067
0.0531174
0.0530281
0.0529388
0.0528495
0.0527602
0.052671
0.0525817
0.0524924
0.0524031
0.0523138
0.0522245
0.0521352
0.0520459
0.0519567
0.0518674
0.0517781
0.0516888
0.0515995
0.0515102
0.0514209
0.0513316
0.0512424
0.0511531
0.0510638
0.0509745
0.0508852
0.0507959
0.0507066
0.0506173
0.050528
0.0504388
0.0503495
0.0502602
0.0501709
0.0500816
0.0499922
0.0498732
0.0497542
0.0496351
0.0495161
0.049397
0.049278
0.0491589
0.0490399
0.0489208
0.0488018
0.0486827
0.0485637
0.0484446
0.0483256
0.0482065
0.0480875
0.0479684
0.0478494
0.0477303
0.0476113
0.0474922
0.0473732
0.0472541
0.0471351
0.047016
0.046897
0.0467779
0.0466589
0.0465398
0.0464208
0.0463017
0.0461827
0.0460636
0.0459446
0.0458255
0.0457065
0.0455874
0.0454684
0.0453493
0.0452303
0.0451112
0.0449922
0.0448731
0.0447541
0.044635
0.044516
0.0443969
0.0442779
0.0441588
0.0440398
0.0439207
0.0438017
0.0436826
0.0435636
0.0434445
0.0433255
0.0432064
0.0430874
0.0429684
0.0428493
0.04276
0.0426707
0.0425814
0.0424922
0.0424029
0.0423136
0.0422243
0.042135
0.0420457
0.0419564
0.0418671
0.0417778
0.0416886
0.0415993
0.04151
0.0414207
0.0413314
0.0412421
0.0411528
0.0410635
0.0409743
0.040885
0.0407957
0.0407064
0.0406171
0.0405278
0.0404385
0.0403492
0.04026
0.0401707
0.0400814
0.0399921
0.0399028
0.0398135
0.0397242
0.0396349
0.0395457
0.0394564
0.0393671
0.0392778
0.0391885
0.0390992
0.0390099
0.0389206
0.0388314
0.0387421
0.0386528
0.0385635
0.0384742
0.0383849
0.0382956
0.0382063
0.0381171
0.0380278
0.0379385
0.0378492
0.0377599
0.0376706
0.0375813
0.037492
0.0374027
0.0373135
0.0372242
0.0371349
0.0370456
0.0369563
0.036867
0.0367777
0.0366884
0.0365992
0.0365099
0.0364206
0.0363313
0.036242
0.0361527
0.0360634
0.0359741
0.0358849
0.0357956
0.0357062
0.0355872
0.0354681
0.0353491
0.0352301
0.035111
0.034992
0.0348729
0.0347539
0.0346348
0.0345158
0.0343967
0.0342777
0.0341586
0.0340396
0.0339205
0.0338015
0.0336824
0.0335634
0.0334443
0.0333253
0.0332062
0.0330872
0.0329681
0.0328491
0.03273
0.032611
0.0324919
0.0323729
0.0322538
0.0321348
0.0320157
0.0318967
0.0317776
0.0316586
0.0315395
0.0314205
0.0313014
0.0311824
0.0310633
0.0309443
0.0308252
0.0307062
0.0305871
0.0304681
0.030349
0.03023
0.0301109
0.0299919
0.0298728
0.0297538
0.0296347
0.0295157
0.0293966
0.0292776
0.0291585
0.0290395
0.0289204
0.0288014
0.0286823
0.0285633
0.028474
0.0283847
0.0282954
0.0282061
0.0281168
0.0280275
0.0279382
0.027849
0.0277597
0.0276704
0.0275811
0.0274918
0.0274025
0.0273132
0.0272239
0.0271347
0.0270454
0.0269561
0.0268668
0.0267775
0.0266882
0.0265989
0.0265096
0.0264204
0.0263311
0.0262418
0.0261525
0.0260632
0.0259739
0.0258846
0.0257953
0.0257061
0.0256168
0.0255275
0.0254382
0.0253489
0.0252596
0.0251703
0.025081
0.0249918
0.0249025
0.0248132
0.0247239
0.0246346
0.0245453
0.024456
0.0243667
0.0242774
0.0241882
0.0240989
0.0240096
0.0239203
0.023831
0.0237417
0.0236524
0.0235631
0.0234739
0.0233846
0.0232953
0.023206
0.0231167
0.0230274
0.0229381
0.0228488
0.0227596
0.0226703
0.022581
0.0224917
0.0224024
0.0223131
0.0222238
0.0221345
0.0220453
0.021956
0.0218667
0.0217774
0.0216881
0.0215988
0.0215095
0.0214202
0.0214202
0.0214202
0.0214202
0.0214202
0.0214202
0.0214202
0.0214202
0.0214202
0.0214202
0.0214202
0.0214202
0.0214202
0.0214202
0.0214202
0.0214202
0.0214202
0.0214202
0.0214202
0.0214202
0.0214202
0.0214202
0.0214202
0.0214202
0.0214202
0.0214202
0.0214202
0.0214202
0.0214202
0.0214202
0.0214202
0.0214202
0.0214202
0.0214202
0.0214202
0.0214202
0.0214202
0.0214202
0.0214202
0.0214202
0.0214202
0.0214202
0.0214202
0.0214202
0.0214202
0.0214202
0.0214202
0.0214202
0.0214202
0.0214202
0.0214202
0.0214202
0.0214202
0.0214202
0.0214202
0.0214202
0.0214202
0.0214202
0.0214202
0.0214202
0.0214202
0.0214202
0.0214202
0.0214202
0.0214202
0.0214202
0.0214202
0.0214202
0.0214202
0.0214202
0.0214202
0.0214202
0.0214202
0.0214202
0.0214202
0.0214202
0.0214202
0.0214202
0.0214202
0.0214202
0.0214202
0.0214202
0.0214202
0.0214202
0.0214202
0.0214202
0.0214202
0.0214202
0.0214202
0.0214202
0.0214202
0.0214202
0.0214202
0.0214202
0.0214202
0.0214202
0.0214202
0.0214202
0.0214202
0.0214202
0.0214202
0.0214202
0.0214202
0.0214202
0.0214202
0.0214202
0.0214202
0.0214202
0.0214202
0.0214202
0.0214202
0.0214202
0.0214202
0.0214202
0.0214202
0.0214202
0.0214202
0.0214202
0.0214202
0.0214202
0.0214202
0.0214202
0.0214202
0.0214202
0.0214202
0.0214202
0.0214202
0.0214202
0.0214202
0.0214202
0.0214202
0.0214202
0.0214202
0.0214202
0.0214202
0.0214202
0.0214202
0.0214202
0.0214202
0.0214202
0.0214202
0.0214202
0.0214202
0.0214202
0.0214202
0.0214202
0.0214202
0.0214202
0.0214202
0.0214202
0.0214202
0.0214202
0.0214202
0.0214202
0.0214202
0.0214202
0.0214202
0.0214202
0.0214202
0.0214202
0.0214202
0.0214202
0.0214202
0.0214202
0.0214202
0.0214202
0.0214202
0.0214202
0.0214202
0.0214202
0.0214202
0.0214202
0.0214202
0.0214202
0.0214202
0.0214202
0.0214202
0.0214202
0.0214202
0.0214202
0.0214202
0.0214202
0.0214202
0.0214202
0.0214202
0.0214202
0.0214202
0.0214202
0.0214202
0.0214202
0.0214202
0.0214202
0.0214202
0.0214202
0.0214202
0.0214202
0.0214202
0.0214202
0.0214202
0.0214202
0.0214202
0.0214202
0.0214202
0.0214202
0.0214202
0.0214202
0.0214202
0.0214202
0.0214202
0.0214202
0.0214202
0.0214202
0.0214202
0.0214202
0.0214202
0.0214202
0.0214202
0.0214202
0.0214202
0.0214202
0.0214202
0.0214202
0.0214202
0.0214202
0.0214202
0.0214202
0.0214202
0.0214202
0.0214202
0.0214202
0.0214202
0.0214202
0.0214202
0.0214202
0.0214202
0.0214202
0.0214202
0.0214202
0.0214202
0.0214202
0.0214202
0.0214202
0.0214202
0.0214202
0.0214202
0.0214202
0.0214202
0.0214202
0.0214202
0.0214202
0.0214202
0.0214202
0.0214202
0.0214202
0.0214202
0.0214202
0.0214202
0.0214202
0.0214202
0.0214202
0.0214202
0.0214202
0.0214202
0.0214202
0.0214202
0.0214202
0.0214202
0.0214202
0.0214202
0.0214202
0.0214202
0.0214202
0.0214202
0.0214202
0.0214202
0.0214202
0.0214202
0.0214202
0.0214202
0.0214202
0.0214202
0.0214202
0.0214202
0.0214202
0.0214202
0.0214202
0.0214202
0.0214202
0.0214202
0.0214202
0.0214202
0.0214202
0.0214202
0.0214202
0.0214202
0.0214202
0.0214202
0.0214202
0.0214202
0.0214202
0.0214202
0.0214202
0.0214202
0.0214202
0.0214202
0.0214202
0.0214202
0.0214202
0.0214202
0.0214202
0.0214202
0.0214202
0.0214202
0.0214202
0.0214202
0.0214202
0.0214202
0.0214202
0.0214202
0.0214202
0.0214203
0.0213488
0.0212774
0.021206
0.0211346
0.0210631
0.0209917
0.0209203
0.0208488
0.0207774
0.020706
0.0206345
0.0205631
0.0204917
0.0204202
0.0203488
0.0202774
0.020206
0.0201345
0.0200631
0.0199917
0.0199202
0.0198488
0.0197774
0.0197059
0.0196345
0.0195631
0.0194917
0.0194202
0.0193488
0.0192774
0.0192059
0.0191345
0.0190631
0.0189916
0.0189202
0.0188488
0.0187773
0.0187059
0.0186345
0.0185631
0.0184916
0.0184202
0.0183488
0.0182773
0.0182059
0.0181345
0.018063
0.0179916
0.0179202
0.0178487
0.0177773
0.0177059
0.0176345
0.017563
0.0174916
0.0174202
0.0173487
0.0172773
0.0172059
0.0171344
0.017063
0.0169916
0.0169202
0.0168487
0.0167773
0.0167059
0.0166344
0.016563
0.0164916
0.0164201
0.0163487
0.0162773
0.0162058
0.0161344
0.016063
0.0159916
0.0159201
0.0158487
0.0157773
0.0157058
0.0156344
0.015563
0.0154915
0.0154201
0.0153487
0.0152772
0.0152058
0.0151344
0.015063
0.0149915
0.0149201
0.0148487
0.0147772
0.0147058
0.0146344
0.0145629
0.0144915
0.0144201
0.0143487
0.0142772
0.0142262
0.0141752
0.0141242
0.0140731
0.0140221
0.0139711
0.0139201
0.013869
0.013818
0.013767
0.013716
0.013665
0.0136139
0.0135629
0.0135119
0.0134609
0.0134099
0.0133588
0.0133078
0.0132568
0.0132058
0.0131547
0.0131037
0.0130527
0.0130017
0.0129507
0.0128996
0.0128486
0.0127976
0.0127466
0.0126956
0.0126445
0.0125935
0.0125425
0.0124915
0.0124404
0.0123894
0.0123384
0.0122874
0.0122364
0.0121853
0.0121343
0.0120833
0.0120323
0.0119812
0.0119302
0.0118792
0.0118282
0.0117772
0.0117261
0.0116751
0.0116241
0.0115731
0.0115221
0.011471
0.01142
0.011369
0.011318
0.0112669
0.0112159
0.0111649
0.0111139
0.0110629
0.0110118
0.0109608
0.0109098
0.0108588
0.0108078
0.0107567
0.0107057
0.0106547
0.0106037
0.0105526
0.0105016
0.0104506
0.0103996
0.0103486
0.0102975
0.0102465
0.0101955
0.0101445
0.0100935
0.0100424
0.00999141
0.00994039
0.00988936
0.00983834
0.00978732
0.0097363
0.00968528
0.00963426
0.00958323
0.00953221
0.00948119
0.00943017
0.00937915
0.00932813
0.00927711
0.00922608
0.00917506
0.00912404
0.00907302
0.009022
0.00897098
0.00891995
0.00886893
0.00881791
0.00876689
0.00871587
0.00866485
0.00861382
0.0085628
0.00851178
0.00846076
0.00840974
0.00835872
0.0083077
0.00825667
0.00820565
0.00815463
0.00810361
0.00805259
0.00800157
0.00795054
0.00789952
0.0078485
0.00779748
0.00774646
0.00769544
0.00764441
0.00759339
0.00754237
0.00749135
0.00744033
0.00738931
0.00733829
0.00728726
0.00723624
0.00718522
0.0071342
0.00704491
0.00695562
0.00686634
0.00677705
0.00668776
0.00659847
0.00650918
0.0064199
0.00633061
0.00624132
0.00615203
0.00606275
0.00597346
0.00588417
0.00579488
0.0057056
0.00561631
0.00552702
0.00543773
0.00534844
0.00525916
0.00516987
0.00508058
0.00499129
0.00490201
0.00481272
0.00472343
0.00463414
0.00454485
0.00445557
0.00436628
0.00427699
0.0041877
0.00409842
0.00400913
0.00391984
0.00383055
0.00374126
0.00365198
0.00356269
0.0034734
0.00338411
0.00329483
0.00320554
0.00311625
0.00302696
0.00293767
0.00284839
0.0027591
0.00266981
0.00258052
0.00249124
0.00240195
0.00231266
0.00222337
0.00213408
0.0020448
0.00195551
0.00186622
0.00177693
0.00168765
0.00159836
0.00150907
0.00141978
0.00133049
0.00124121
0.00115192
0.00106263
0.000973344
0.000884056
0.000794768
0.000705481
0.000616193
0.000526905
0.000437617
0.00034833
0.000259042
0.000169754
8.04663e-05
-8.82149e-06
-8.82149e-06
-8.82149e-06
-8.82149e-06
-8.82149e-06
-8.82149e-06
-8.82149e-06
-8.82149e-06
-8.82149e-06
-8.82149e-06
-8.82149e-06
-8.82149e-06
-8.82149e-06
-8.82149e-06
-8.82149e-06
-8.82149e-06
-8.82149e-06
-8.82149e-06
-8.82149e-06
-8.82149e-06
-8.82149e-06
-8.82149e-06
-8.82149e-06
-8.82149e-06
-8.82149e-06
-8.82149e-06
-8.82149e-06
-8.82149e-06
-8.82149e-06
-8.82149e-06
-8.82149e-06
-8.82149e-06
-8.82149e-06
-8.82149e-06
-8.82149e-06
-8.82149e-06
-8.82149e-06
-8.82149e-06
-8.82149e-06
-8.82149e-06
-8.82149e-06
-8.82149e-06
-8.82149e-06
-8.82149e-06
-8.82149e-06
-8.82149e-06
-8.82149e-06
-8.82149e-06
-8.82149e-06
-8.82149e-06
-8.82149e-06
-8.82149e-06
-8.82149e-06
-8.82149e-06
-8.82149e-06
-8.82149e-06
-8.82149e-06
-8.82149e-06
-8.82149e-06
-8.82149e-06
-8.82149e-06
-8.82149e-06
-8.82149e-06
-8.82149e-06
-8.82149e-06
-8.82149e-06
-8.82149e-06
-8.82149e-06
-8.82149e-06
-8.82149e-06
-8.82149e-06
-8.82149e-06
-8.82149e-06
-8.82149e-06
-8.82149e-06
-8.82149e-06
-8.82149e-06
-8.82149e-06
-8.82149e-06
-8.82149e-06
-8.82149e-06
-8.82149e-06
-8.82149e-06
-8.82149e-06
-8.82149e-06
-8.82149e-06
-8.82149e-06
-8.82149e-06
-8.82149e-06
-8.82149e-06
-8.82149e-06
-8.82149e-06
-8.82149e-06
-8.82149e-06
-8.82149e-06
-8.82149e-06
-8.82149e-06
-8.82149e-06
-8.82149e-06
-8.82149e-06
-8.82149e-06
-8.82149e-06
-8.82149e-06
-8.82149e-06
-8.82149e-06
-8.82149e-06
-8.82149e-06
-8.82149e-06
-8.82149e-06
-8.82149e-06
-8.82149e-06
-8.82149e-06
-8.82149e-06
-8.82149e-06
-8.82149e-06
-8.82149e-06
-8.82149e-06
-8.82149e-06
-8.82149e-06
-8.82149e-06
-8.82149e-06
-8.82149e-06
-8.82149e-06
-8.82149e-06
-8.82149e-06
-8.82149e-06
-8.82149e-06
-8.82149e-06
-8.82149e-06
-8.82149e-06
-8.82149e-06
-8.82149e-06
-8.82149e-06
-8.82149e-06
-8.82149e-06
-8.82149e-06
-8.82149e-06
-8.82149e-06
-8.82149e-06
-8.82149e-06
-8.82149e-06
-8.82149e-06
-8.82149e-06
-8.82149e-06
-8.82149e-06
-8.82149e-06
-8.82149e-06
-8.82149e-06
-8.82149e-06
-8.82149e-06
-8.82149e-06
-8.82149e-06
-8.82149e-06
-8.82149e-06
-8.82149e-06
-8.82149e-06
-8.82149e-06
-8.82149e-06
-8.82149e-06
-8.82149e-06
-8.82149e-06
-8.82149e-06
-8.82149e-06
-8.82149e-06
-8.82149e-06
-8.82149e-06
-8.82149e-06
-8.82149e-06
-8.82149e-06
-8.82149e-06
-8.82149e-06
-8.82149e-06
-8.82149e-06
-8.82149e-06
-8.82149e-06
-8.82149e-06
-8.82149e-06
-8.82149e-06
-8.82149e-06
-8.82149e-06
-8.82149e-06
-8.82149e-06
-8.82149e-06
-8.82149e-06
-8.82149e-06
-8.82149e-06
-8.82149e-06
-8.82149e-06
-8.82149e-06
-8.82149e-06
-8.82149e-06
-8.82149e-06
-8.82149e-06
-8.82149e-06
-8.82149e-06
-8.82149e-06
-8.82149e-06
-8.82149e-06
-8.82149e-06
-8.82149e-06
-8.82149e-06
-8.82149e-06
-8.82149e-06
-8.82149e-06
-8.82149e-06
-8.82149e-06
-8.82149e-06
-8.82149e-06
-8.82149e-06
-8.82149e-06
-8.82149e-06
-8.82149e-06
-8.82149e-06
-8.82149e-06
-8.82149e-06
-8.82149e-06
-8.82149e-06
-8.82149e-06
-8.82149e-06
-8.82149e-06
-8.82149e-06
-8.82149e-06
-8.82149e-06
-8.82149e-06
-8.82149e-06
-8.82149e-06
-8.82149e-06
-8.82149e-06
-8.82149e-06
-8.82149e-06
-8.82149e-06
-8.82149e-06
-8.82149e-06
-8.82149e-06
-8.82149e-06
-8.82149e-06
-8.82149e-06
-8.82149e-06
-8.82149e-06
-8.82149e-06
-8.82149e-06
-8.82149e-06
-8.82149e-06
-8.82149e-06
-8.82149e-06
-8.82149e-06
-8.82149e-06
-8.82149e-06
-8.82149e-06
-8.82149e-06
-8.82149e-06
-8.82149e-06
-8.82149e-06
-8.82149e-06
-8.82149e-06
-8.82149e-06
-8.82149e-06
-8.82149e-06
-8.82149e-06
-8.82149e-06
-8.82149e-06
-8.82149e-06
-8.82149e-06
-8.82149e-06
-8.82149e-06
-8.82149e-06
-8.82149e-06
-8.82149e-06
-8.82149e-06
-8.82149e-06
-8.82149e-06
-8.82149e-06
-8.82149e-06
-8.82149e-06
-8.82149e-06
-8.82149e-06
-8.82149e-06
-8.82149e-06
-8.82149e-06
-8.82149e-06
-8.82149e-06
-8.82149e-06
-8.82149e-06
-8.82149e-06
-8.82149e-06
-8.82149e-06
-8.82149e-06
-8.82149e-06
-8.82149e-06
-8.82149e-06
-8.82149e-06
-8.82149e-06
-8.82149e-06
-8.82149e-06
-8.82149e-06
-8.82149e-06
-8.82149e-06
-8.82149e-06
-8.82149e-06
-8.82149e-06
-8.82149e-06
-8.82149e-06
-8.82149e-06
-8.82149e-06
-8.82149e-06
-8.82149e-06
-8.82149e-06
-8.82149e-06
-8.82149e-06
-8.82149e-06
-8.82149e-06
-8.82149e-06
-8.82149e-06
-8.82149e-06
-8.82149e-06
-8.82149e-06
-8.82149e-06
-8.82149e-06
-8.82149e-06
-8.82149e-06
-8.82149e-06
-8.82149e-06
-8.82149e-06
-8.82149e-06
-8.82149e-06
-8.82149e-06
-8.82149e-06
-8.82149e-06
-8.82149e-06
-8.82149e-06
-8.82149e-06
-8.82149e-06
-8.82149e-06
-8.82149e-06
-8.82149e-06
-8.82149e-06
-8.82149e-06
-8.82149e-06
-8.82149e-06
-8.82149e-06
-8.82149e-06
-8.82149e-06
-8.82149e-06
-8.82149e-06
-8.82149e-06
-8.82149e-06
-8.82149e-06
-8.82149e-06
-8.82149e-06
-8.82149e-06
-8.82149e-06
-8.82149e-06
-8.82149e-06
-8.82149e-06
-8.82149e-06
-8.82149e-06
-8.82149e-06
-8.82149e-06
-8.82149e-06
-8.82149e-06
-8.82149e-06
-8.82149e-06
-8.82149e-06
-8.82149e-06
-8.82149e-06
-8.82149e-06
-8.82149e-06
-8.82149e-06
-8.82149e-06
-8.82149e-06
-8.82149e-06
-8.82149e-06
-8.82149e-06
-8.82149e-06
-8.82149e-06
-8.82149e-06
-8.82149e-06
-8.82149e-06
-8.82149e-06
-8.82149e-06
-8.82149e-06
-8.82149e-06
-8.82149e-06
-8.82149e-06
-8.82149e-06
-8.82149e-06
-8.82149e-06
-8.82149e-06
-8.82149e-06
-8.82149e-06
-8.82149e-06
-8.82149e-06
-8.82149e-06
-8.82149e-06
-8.82149e-06
-8.82149e-06
-8.82149e-06
-8.82149e-06
-8.82149e-06
-8.82149e-06
-8.82149e-06
0
0
0
0
0
0
0
0
0
0
0
0
0
0
0
0
0
0
0
0
0
0
0
0
0
0
0
0
0
0
0
0
0
0
0
0
0
0
0
0
0
0
0
0
0
0
0
0
0
0
0
0
0
0
0
0
0
0
0
0
0
0
0
0
0
0
0
0
0
0
0
0
0
0
0
0
0
0
0
0
0
0
0
0
0
0
0
0
0
0
0
0
0
0
0
0
0
0
0
0
0
0
0
0
0
0
0
0
0
0
0
0
0
0
0
0
0
0
0
0
0
0
0
0
0
0
0
0
0
0
0
0
0
0
0
0
0
0
0
0
0
0
0
0
0
0
0
0
0
0
0
0
0
0
0
0
0
0
0
0
0
0
0
0
0
0
0
0
0
0
0
0
0
0
0
0
0
0
0
0
0
0
0
0
0
0
0
0
0
0
0
0
0
0
0
0
0
0
0
0
0
0
0
0
0
0
0
0
0
0
0
0
0
0
0
0
0
0
0
0
0
0
0
0
0
0
0
0
0
0
0
0
0
0
0
0
0
0
0
0
0
0
0
0
0
0
0
0
0
0
0
0
0
0
0
0
0
0
0
0
0
0
0
0
0
0
0
0
0
0
0
0
0
0
0
0
0
0
0
0
0
0
0
0
0
0
0
0
0
0
0
0
0
0
0
0
0
0
0
0
0
0
0
0
0
0
0
0
0
0
0
0
0
0
0
0
0
0
0
0
0
0
0
0
0
0
0
0
0
0
0
0
0
0
0
0
0
0
0
0
0
0
0
0
0
0
0
0
0
0
0
0
0
0
0
0
0
0
0
0
0
0
0
0
0
0
0
0
0
0
0
0
0
0
0
0
0
0
0
0
0
0
0
0
0
0
0
0
0
0
0
0
0
0
0
0
0
0
0
0
0
0
0
0
0
0
0
0
0
0
0
0
0
0
0
0
0
0
0
0
0
0
0
0
0
0
0
0
0
0
0
0
0
0
0
0
0
0
0
0
0
0
0
0
0
0
0
0
0
0
0
0
0
0
0
0
0
0
0
0
0
0
0
0
0
0
0
0
0
0
0
0
0
0
0
0
0
0
0
0
0
0
0
0
0
0
0
0
0
0
0
0
0
0
0
0
0
0
0
0
0
0
0
0
0
0
0
0
0
0
0
0
0
0
0
0
0
0
0
0
0
0
0
0
0
0
0
0
0
0
0
0
0
0
0
0
0
0
0
0
0
0
0
0
0
0
0
0
0
0
0
0
0
0
0
0
0
0
0
0
0
0
0
0
0
0
0
0
0
0
0
0
0
0
0
0
0
0
0
0
0
0
0
0
0
0
0
0
0
0
0
0
0
0
0
0
0
0
0
0
0
0
0
0
0
0
0
0
0
0
0
0
0
0
0
0
0
0
0
0
0
0
0
0
0
0
0
0
0
0
0
0
0
0
0
0
0
0
0
0
0
0
0
0
0
0
0
0
0
0
0
0
0
0
0
0
0
0
0
0
0
0
0
0
0
0
0
0
0
0
0
0
0
0
0
0
0
0
0
0
0
0
0
0
0
0
0
0
0
0
0
0
0
0
0
0
0
0
0
0
0
0
0
0
0
0
0
0
0
0
0
0
0
0
0
0
0
0
0
0
0
0
0
0
0
0
0
0
0
0
0
0
0
0
0
0
0
0
0
0
0
0
0
0
0
0
0
0
0
0
0
0
0
0
0
0
0
0
0
0
0
0
0
0
0
0
0
0
0
0
0
0
0
0
0
0
0
0
0
0
0
0
0
0
0
0
0
0
0
0
0
0
0
0
0
0
0
0
0
0
0
0
0
0
0
0
0
0
0
0
0
0
0
0
0
0
0
0
0
0
0
0
0
0
0
0
0
0
0
0
0
0
0
0
0
0
0
0
0
0
0
0
0
0
0
0
0
0
0
0
0
0
0
0
0
0
0
0
0
0
0
0
0
0
0
0
0
0
0
0
0
0
0
0
0
0
0
0
0
0
0
0
0
0
0
0
0
0
0
0
0
0
0
0
0
0
0
0
0
0
0
0
0
0
0
0
0
0
0
0
0
0
0
0
0
0
0
0
0
0
0
0
0
0
0
0
0
0
0
0
0
0
0
0
0
0
0
0
0
0
0
0
0
0
0
0
0
0
0
0
0
0
0
0
0
0
0
0
0
0
0
0
0
0
0
0
0
0
0
0
0
0
0
0
0
0
0
0
0
0
0
0
0
0
0
0
0
0
0
0
0
0
0
0
0
0
0
0
0
0
0
0
0
0
0
0
0
0
0
0
0
0
0
0
0
0
0
0
0
0
0
0
0
0
0
0
0
0
0
0
0
0
0
0
0
0
0
0
0
0
0
0
0
0
0
0
0
0
0
0
0
0
0
0
0
0
0
0
0
0
0
0
0
0
0
0
0
0
0
0
0
0
0
0
0
0
0
0
0
0
0
0
0
0
0
0
0
0
0
0
0
0
0
0
0
0
0
0
0
0
0
0
0
0
0
0
0
0
0
0
0
0
0
0
0
0
0
0
0
0
0
0
0
0
0
0
0
0
0
0
0
0
0
0
0
0
0
0
0
0
0
0
0
0
0
0
0
0
0
0
0
0
0
0
0
0
0
0
0
0
0
0
0
0
0
0
0
0
0
0
0
0
0
0
0
0
0
0
0
0
0
0
0
0
0
0
0
0
0
0
0
0
0
0
0
0
0
0
0
0
0
0
0
0
0
0
0
0
0
0
0
0
0
0
0
0
0
0
0
0
0
0
0
0
0
0
0
0
0
0
0
0
0
0
0
0
0
0
0
0
0
0
0
0
0
0
0
0
0
0
0
0
0
0
0
0
0
0
0
0
0
0
0
0
0
0
0
0
0
0
0
0
0
0
0
0
0
0
0
0
0
0
0
0
0
0
0
0
0
0
0
0
0
0
0
0
0
0
0
0
0
0
0
0
0
0
0
0
0
0
0
0
0
0
0
0
0
0
0
0
0
0
0
0
0
0
0
0
0
0
0
0
0
0
0
0
0
0
0
0
0
0
0
0
0
0
0
0
0
0
0
0
0
0
0
0
0
0
0
0
0
0
0
0
0
0
0
0
0
0
0
0
0
0
0
0
0
0
0
0
0
0
0
0
0
0
0
0
0
0
0
0
0
0
0
0
0
0
0
0
0
0
0
0
0
0
0
0
0
0
0
0
0
0
0
0
0
0
0
0
0
0
0
0
0
0
0
0
0
0
0
0
0
0
0
0
0
0
0
0
0
0
0
0
0
0
0
0
0
0
0
0
0
0
0
0
0
0
0
0
0
0
0
0
0
0
0
0
0
0
0
0
0
0
0
0
0
0
0
0
0
0
0
0
0
0
0
0
0
0
0
0
0
0
0
0
0
0
0
0
0
0
0
0
0
0
0
0
0
0
0
0
0
0
0
0
0
0
0
0
0
0
0
0
0
0
0
0
0
0
0
0
0
0
0
0
0
0
0
0
0
0
0
0
0
0
0
0
0
0
0
0
0
0
0
0
0
0
0
0
0
0
0
0
0
0
0
0
0
0
0
0
0
0
0
0
0
0
0
0
0
0
0
0
0
0
0
0
0
0
0
0
0
0
0
0
0
0
0
0
0
0
0
0
0
0
0
0
0
0
0
0
0
0
0
0
0
0
0
0
0
0
0
0
0
0
0
0
0
0
0
0
0
0
0
0
0
0
0
0
0
0
0
0
0
0
0
0
0
0
0
0
0
0
0
0
0
0
0
0
0
0
0
0
0
0
0
0
0
0
0
0
0
0
0
0
0
0
0
0
0
0
0
0
0
0
0
0
0
0
0
0
0
0
0
0
0
0
0
0
0
0
0
0
0
0
0
0
0
0
0
0
0
0
0
0
0
0
0
0
0
0
0
0
0
0
0
0
0
0
0
0
0
0
0
0
0
0
0
0
0
0
0
0
0
0
0
0
0
0
0
0
0
0
0
0
0
0
0
0
0
0
0
0
0
0
0
0
0
0
0
0
0
0
0
0
0
0
0
0
0
0
0
0
0
0
0
0
0
0
0
0
0
0
0
0
0
0
0
0
0
0
0
0
0
0
0
0
0
0
0
0
0
0
0
0
0
0
0
0
0
0
0
0
0
0
0
0
0
0
0
0
0
0
0
0
0
0
0
0
0
0
0
0
0
0
0
0
0
0
0
0
0
0
0
0
0
0
0
0
0
0
0
0
0
0
0
0
0
0
0
0
0
0
0
0
0
0
0
0
0
0
0
0
0
0
0
0
0
0
0
0
0
0
0
0
0
0
0
0
0
0
0
0
0
0
0
0
0
0
0
0
0
0
0
0
0
0
0
0
0
0
0
0
0
0
0
0
0
0
0
0
0
0
0
0
0
0
0
0
0
0
0
0
0
0
0
0
0
0
0
0
0
0
0
0
0
0
0
0
0
0
0
0
0
0
0
0
0
0
0
0
0
0
0
0
0
0
0
0
0
0
0
0
0
0
0
0
0
0
0
0
0
0
0
0
0
0
0
0
0
0
0
0
0
0
0
0
0
0
0
0
0
0
0
0
0
0
0
0
0
0
0
0
0
0
0
0
0
0
0
0
0
0
0
0
0
0
0
0
0
0
0
0
0
0
0
0
0
0
0
0
0
0
0
0
0
0
0
0
0
0
0
0
0
0
0
0
0
0
0
0
0
0
0
0
0
0
0
0
0
0
0
0
0
0
0
0
0
0
0
0
0
0
0
0
0
0
0
0
0
0
0
0
0
0
0
0
0
0
0
0
0
0
0
0
0
0
0
0
0
0
0
0
0
0
0
0
0
0
0
0
0
0
0
0
0
0
0
0
0
0
0
0
0
0
0
0
0
0
0
0
0
0
0
0
0
0
0
0
0
0
0
0
0
0
0
0
0
0
0
0
0
0
0
0
0
0
0
0
0
0
0
0
0
0
0
0
0
0
0
0
0
0
0
0
0
0
0
0
0
0
0
0
0
0
0
0
0
0
0
0
0
0
0
0
0
0
0
0
0
0
0
0
0
0
0
0
0
0
0
0
0
0
0
0
0
0
0
0
0
0
0
0
0
0
0
0
0
0
0
0
0
0
0
0
0
0
0
0
0
0
0
0
0
0
0
0
0
0
0
0
0
0
0
0
0
0
0
0
0
0
0
0
0
0
0
0
0
0
0
0
0
0
0
0
0
0
0
0
0
0
0
0
0
0
0
0
0
0
0
0
0
0
0
0
0
0
0
0
0
0
0
0
0
0
0
0
0
0
0
0
0
0
0
0
0
0
0
0
0
0
0
0
0
0
0
0
0
0
0
0
0
0
0
0
0
0
0
0
0
0
0
0
0
0
0
0
0
0
0
0
0
0
0
0
0
0
0
0
0
0
0
0
0
0
0
0
0
0
0
0
0
0
0
0
0
0
0
0
0
0
0
0
0
0
0
0
0
0
0
0
0
0
0
0
0
0
0
0
0
0
0
0
0
0
0
0
0
0
0
0
0
0
0
0
0
0
0
0
0
0
0
0
0
0
0
0
0
0
0
0
0
0
0
0
0
0
0
0
0
0
0
0
0
0
0
0
0
0
0
0
0
0
0
0
0
0
0
0
0
0
0
0
0
0
0
0
0
0
0
0
0
0
0
0
0
0
0
0
0
0
0
0
0
0
0
0
0
0
0
0
0
0
0
0
0
0
0
0
0
0
0
0
0
0
0
0
0
0
0
0
0
0
0
0
0
0
0
0
0
0
0
0
0
0
0
0
0
0
0
0
0
0
0
0
0
0
0
0
0
0
0
0
0
0
0
0
0
0
0
0
0
0
0
0
0
0
0
0
0
0
0
0
0
0
0
0
0
0
0
0
0
0
0
0
0
0
0
0
0
0
0
0
0
0
0
0
0
0
0
0
0
0
0
0
0
0
0
0
0
0
0
0
0
0
0
0
0
0
0
0
0
0
0
0
0
0
0
0
0
0
0
0
0
0
0
0
0
0
0
0
0
0
0
0
0
0
0
0
0
0
0
0
0
0
0
0
0
0
0
0
0
0
0
0
0
0
0
0
0
0
0
0
0
0
0
0
0
0
0
0
0
0
0
0
0
0
0
0
0
0
0
0
0
0
0
0
0
0
0
0
0
0
0
0
0
0
0
0
0
0
0
0
0
0
0
0
0
0
0
0
0
0
0
0
0
0
0
0
0
0
0
0
0
0
0
0
0
0
0
0
0
0
0
0
0
0
0
0
0
0
0
0
0
0
0
0
0
0
0
0
0
0
0
0
0
0
0
0
0
0
0
0
0
0
0
0
0
0
0
0
0
0
0
0
0
0
0
0
0
0
0
0
0
0
0
0
0
0
0
0
0
0
0
0
0
0
0
0
0
0
0
0
0
0
0
0
0
0
0
0
0
0
0
0
0
0
0
0
0
0
0
0
0
0
0
0
0
0
0
0
0
0
0
0
0
0
0
0
0
0
0
0
0
0
0
0
0
0
0
0
0
0
0
0
0
0
0
0
0
0
0
0
0
0
0
0
0
0
0
0
0
0
0
0
0
0
0
0
0
0
0
0
0
0
0
0
0
0
0
0
0
0
0
0
0
0
0
0
0
0
0
0
0
0
0
0
0
0
0
0
0
0
0
0
0
0
0
0
0
0
0
0
0
0
0
0
0
0
0
0
0
0
0
0
0
0
0
0
0
0
0
0
0
0
0
0
0
0
0
0
0
0
0
0
0
0
0
0
0
0
0
0
0
0
0
0
0
0
0
0
0
0
0
0
0
0
0
0
0
0
0
0
0
0
0
0
0
0
0
0
0
0
0
0
0
0
0
0
0
0
0
0
0
0
0
0
0
0
0
0
0
0
0
0
0
0
0
0
0
0
0
0
0
0
0
0
0
0
0
0
0
0
0
0
0
0
0
0
0
0
0
0
0
0
0
0
0
0
0
0
0
0
0
0
0
0
0
0
0
0
0
0
0
0
0
0
0
0
0
0
0
0
0
0
0
0
0
0
0
0
0
0
0
0
0
0
0
0
0
0
0
0
0
0
0
0
0
0
0
0
0
0
0
0
0
0
0
0
0
0
0
0
0
0
0
0
0
0
0
0
0
0
0
0
0
0
0
0
0
0
0
0
0
0
0
0
0
0
0
0
0
0
0
0
0
0
0
0
0
0
0
0
0
0
0
0
0
0
0
0
0
0
0
0
0
0
0
0
0
0
0
0
0
0
0
0
0
0
0
0
0
0
0
0
0
0
0
0
0
0
0
0
0
0
0
0
0
0
0
0
0
0
0
0
0
0
0
0
0
0
0
0
0
0
0
0
0
0
0
0
0
0
0
0
0
0
0
0
0
0
0
0
0
0
0
0
0
0
0
0
0
0
0
0
0
0
0
0
0
0
0
0
0
0
0
0
0
0
0
0
0
0
0
0
0
0
0
0
0
0
0
0
0
0
0
0
0
0
0
0
0
0
0
0
0
0
0
0
0
0
0
0
0
0
0
0
0
0
0
0
0
0
0
0
0
0
0
0
0
0
0
0
0
0
0
0
0
0
0
0
0
0
0
0
0
0
0
0
0
0
0
0
0
0
0
0
0
0
0
0
0
0
0
0
0
0
0
0
0
0
0
0
0
0
0
0
0
0
0
0
0
0
0
0
0
0
0
0
0
0
0
0
0
0
0
0
0
0
0
0
0
0
0
0
0
0
0
0
0
0
0
0
0
0
0
0
0
0
0
0
0
0
0
0
0
0
0
0
0
0
0
0
0
0
0
0
0
0
0
0
0
0
0
0
0
0
0
0
0
0
0
0
0
0
0
0
0
0
0
0
0
0
0
0
0
0
0
0
0
0
0
0
0
0
0
0
0
0
0
0
0
0
0
0
0
0
0
0
0
0
0
0
0
0
0
0
0
0
0
0
0
0
0
0
0
0
0
0
0
0
0
0
0
0
0
0
0
0
0
0
0
0
0
0
0
0
0
0
0
0
0
0
0
0
0
0
0
0
0
0
0
0
0
0
0
0
0
0
0
0
0
0
0
0
0
0
0
0
0
0
0
0
0
0
0
0
0
0
0
0
0
0
0
0
0
0
0
0
0
0
0
0
0
0
0
0
0
0
0
0
0
0
0
0
0
0
0
0
0
0
0
0
0
0
0
0
0
0
0
0
0
0
0
0
0
0
0
0
0
0
0
0
0
0
0
0
0
0
0
0
0
0
0
0
0
0
0
0
0
0
0
0
0
0
0
0
0
0
0
0
0
0
0
0
0
0
0
0
0
0
0
0
0
0
0
0
0
0
0
0
0
0
0
0
0
0
0
0
0
0
0
0
0
0
0
0
0
0
0
0
0
0
0
0
0
0
0
0
0
0
0
0
0
0
0
0
0
0
0
0
0
0
0
0
0
0
0
0
0
0
0
0
0
0
0
0
0
0
0
0
0
0
0
0
0
0
0
0
0
0
0
0
0
0
0
0
0
0
0
0
0
0
0
0
0
0
0
0
0
0
0
0
0
0
0
0
0
0
0
0
0
0
0
0
0
0
0
0
0
0
0
0
0
0
0
0
0
0
0
0
0
0
0
0
0
0
0
0
0
0
0
0
0
0
0
0
0
0
0
0
0
0
0
0
0
0
0
0
0
0
0
0
0
0
0
0
0
0
0
0
0
0
0
0
0
0
0
0
0
0
0
0
0
0
0
0
0
0
0
0
0
0
0
0
0
0
0
0
0
0
0
0
0
0
0
0
0
0
0
0
0
0
0
0
0
0
0
0
0
0
0
0
0
0
0
0
0
0
0
0
0
0
0
0
0
0
0
0
0
0
0
0
0
0
0
0
0
0
0
0
0
0
0
0
0
0
0
0
0
0
0
0
0
0
0
0
0
0
0
0
0
0
0
0
0
0
0
0
0
0
0
0
0
0
0
0
0
0
0
0
0
0
0
0
0
0
0
0
0
0
0
0
0
0
0
0
0
0
0
0
0
0
0
0
0
0
0
0
0
0
0
0
0
0
0
0
0
0
0
0
0
0
0
0
0
0
0
0
0
0
0
0
0
0
0
0
0
0
0
0
0
0
0
0
0
0
0
0
0
0
0
0
0
0
0
0
0
0
0
0
0
0
0
0
0
0
0
0
0
0
0
0
0
0
0
0
0
0
0
0
0
0
0
0
0
0
0
0
0
0
0
0
0
0
0
0
0
0
0
0
0
0
0
0
0
0
0
0
0
0
0
0
0
0
0
0
0
0
0
0
0
0
0
0
0
0
0
0
0
0
0
0
0
0
0
0
0
0
0
0
0
0
0
0
0
0
0
0
0
0
0
0
0
0
0
0
0
0
0
0
0
0
0
0
0
0
0
0
0
0
0
0
0
0
0
0
0
0
0
0
0
0
0
0
0
0
0
0
0
0
0
0
0
0
0
0
0
0
0
0
0
0
0
0
0
0
0
0
0
0
0
0
0
0
0
0
0
0
0
0
0
0
0
0
0
0
0
0
0
0
0
0
0
0
0
0
0
0
0
0
0
0
0
0
0
0
0
0
0
0
0
0
0
0
0
0
0
0
0
0
0
0
0
0
0
0
0
0
0
0
0
0
0
0
0
0
0
0
0
0
0
0
0
0
0
0
0
0
0
0
0
0
0
0
0
0
0
0
0
0
0
0
0
0
0
0
0
0
0
0
0
0
0
0
0
0
0
0
0
0
0
0
0
0
0
0
0
0
0
0
0
0
0
0
0
0
0
0
0
0
0
0
0
0
0
0
0
0
0
0
0
0
0
0
0
0
0
0
0
0
0
0
0
0
0
0
0
0
0
0
0
0
0
0
0
0
0
0
0
0
0
0
0
0
0
0
0
0
0
0
0
0
0
0
0
0
0
0
0
0
0
0
0
0
0
0
0
0
0
0
0
0
0
0
0
0
0
0
0
0
0
0
0
0
0
0
0
0
0
0
0
0
0
0
0
0
0
0
0
0
0
0
0
0
0
0
0
0
0
0
0
0
0
0
0
0
0
0
0
0
0
0
0
0
0
0
0
0
0
0
0
0
0
0
0
0
0
0
0
0
0
0
0
0
0
0
0
0
0
0
0
0
0
0
0
0
0
0
0
0
0
0
0
0
0
0
0
0
0
0
0
0
0
0
0
0
0
0
0
0
0
0
0
0
0
0
0
0
0
0
0
0
0
0
0
0
0
0
0
0
0
0
0
0
0
0
0
0
0
0
0
0
0
0
0
0
0
0
0
0
0
0
0
0
0
0
0
0
0
0
0
0
0
0
0
0
0
0
0
0
0
0
0
0
0
0
0
0
0
0
0
0
0
0
0
0
0
0
0
0
0
0
0
0
0
0
0
0
0
0
0
0
0
0
0
0
0
0
0
0
0
0
0
0
0
0
0
0
0
0
0
0
0
0
0
0
0
0
0
0
0
0
0
0
0
0
0
0
0
0
0
0
0
0
0
0
0
0
0
0
0
0
0
0
0
0
0
0
0
0
0
0
0
0
0
0
0
0
0
0
0
0
0
0
0
0
0
0
0
0
0
0
0
0
0
0
0
0
0
0
0
0
0
0
0
0
0
0
0
0
0
0
0
0
0
0
0
0
0
0
0
0
0
0
0
0
0
0
0
0
0
0
0
0
0
0
0
0
0
0
0
0
0
0
0
0
0
0
0
0
0
0
0
0
0
0
0
0
0
0
0
0
0
0
0
0
0
0
0
0
0
0
0
0
0
0
0
0
0
0
0
0
0
0
0
0
0
0
0
0
0
0
0
0
0
0
0
0
0
0
0
0
0
0
0
0
0
0
0
0
0
0
0
0
0
0
0
0
0
0
0
0
0
0
0
0
0
0
0
0
0
0
0
0
0
0
0
0
0
0
0
0
0
0
0
0
0
0
0
0
0
0
0
0
0
0
0
0
0
0
0
0
0
0
0
0
0
0
0
0
0
0
0
0
0
0
0
0
0
0
0
0
0
0
0
0
0
0
0
0
0
0
0
0
0
0
0
0
0
0
0
0
0
0
0
0
0
0
0
0
0
0
0
0
0
0
0
0
0
0
0
0
0
0
0
0
0
0
0
0
0
0
0
0
0
0
0
0
0
0
0
0
0
0
0
0
0
0
0
0
0
0
0
0
0
0
0
0
0
0
0
0
0
0
0
0
0
0
0
0
0
0
0
0
0
0
0
0
0
0
0
0
0
0
0
0
0
0
0
0
0
0
0
0
0
0
0
0
0
0
0
0
0
0
0
0
0
0
0
0
0
0
0
0
0
0
0
0
0
0
0
0
0
0
0
0
0
0
0
0
0
0
0
0
0
0
0
0
0
0
0
0
0
0
0
0
0
0
0
0
0
0
0
0
0
0
0
0
0
0
0
0
0
0
0
0
0
0
0
0
0
0
0
0
0
0
0
0
0
0
0
0
0
0
0
0
0
0
0
0
0
0
0
0
0
0
0
0
0
0
0
0
0
0
0
0
0
0
0
0
0
0
0
0
0
0
0
0
0
0
0
0
0
0
0
0
0
0
0
0
0
0
0
0
0
0
0
0
0
0
0
0
0
0
0
0
0
0
0
0
0
0
0
0
0
0
0
0
0
0
0
0
0
0
0
0
0
0
0
0
0
0
0
0
0
0
0
0
0
0
0
0
0
0
0
0
0
0
0
0
0
0
0
0
0
0
0
0
0
0
0
0
0
0
0
0
0
0
0
0
0
0
0
0
0
0
0
0
0
0
0
0
0
0
0
0
0
0
0
0
0
0
0
0
0
0
0
0
0
0
0
0
0
0
0
0
0
0
0
0
0
0
0
0
0
0
0
0
0
0
0
0
0
0
0
0
0
0
0
0
0
0
0
0
0
0
0
0
0
0
0
0
0
0
0
0
0
0
0
0
0
0
0
0
0
0
0
0
0
0
0
0
0
0
0
0
0
0
0
0
0
0
0
0
0
0
0
0
0
0
0
0
0
0
0
0
0
0
0
0
0
0
0
0
0
0
0
0
0
0
0
0
0
0
0
0
0
0
0
0
0
0
0
0
0
0
0
0
0
0
0
0
0
0
0
0
0
0
0
0
0
0
0
0
0
0
0
0
0
0
0
0
0
0
0
0
0
0
0
0
0
0
0
0
0
0
0
0
0
0
0
0
0
0
0
0
0
0
0
0
0
0
0
0
0
0
0
0
0
0
0
0
0
0
0
0
0
0
0
0
0
0
0
0
0
0
0
0
0
0
0
0
0
0
0
0
0
0
0
0
0
0
0
0
0
0
0
0
0
0
0
0
0
0
0
0
0
0
0
0
0
0
0
0
0
0
0
0
0
0
0
0
0
0
0
0
0
0
0
0
0
0
0
0
0
0
0
0
0
0
0
0
0
0
0
0
0
0
0
0
0
0
0
0
0
0
0
0
0
0
0
0
0
0
0
0
0
0
0
0
0
0
0
0
0
0
0
0
0
0
0
0
0
0
0
0
0
0
0
0
0
0
0
0
0
0
0
0
0
0
0
0
0
0
0
0
0
0
0
0
0
0
0
0
0
0
0
0
0
0
0
0
0
0
0
0
0
0
0
0
0
0
0
0
0
0
0
0
0
0
0
0
0
0
0
0
0
0
0
0
0
0
0
0
0
0
0
0
0
0
0
0
0
0
0
0
0
0
0
0
0
0
0
0
0
0
0
0
0
0
0
0
0
0
0
0
0
0
0
0
0
0
0
0
0
0
0
0
0
0
0
0
0
0
0
0
0
0
0
0
0
0
0
0
0
0
0
0
0
0
0
0
0
0
0
0
0
0
0
0
0
0
0
0
0
0
0
0
0
0
0
0
0
0
0
0
0
0
0
0
0
0
0
0
0
0
0
0
0
0
0
0
0
0
0
0
0
0
0
0
0
0
0
0
0
0
0
0
0
0
0
0
0
0
0
0
0
0
0
0
0
0
0
0
0
0
0
0
0
0
0
0
0
0
0
0
0
0
0
0
0
0
0
0
0
0
0
0
0
0
0
0
0
0
0
0
0
0
0
0
0
0
0
0
0
0
0
0
0
0
0
0
0
0
0
0
0
0
0
0
0
0
0
0
0
0
0
0
0
0
0
0
0
0
0
0
0
0
0
0
0
0
0
0
0
0
0
0
0
0
0
0
0
0
0
0
0
0
0
0
0
0
0
0
0
0
0
0
0
0
0
0
0
0
0
0
0
0
0
0
0
0
0
0
0
0
0
0
0
0
0
0
0
0
0
0
0
0
0
0
0
0
0
0
0
0
0
0
0
0
0
0
0
0
0
0
0
0
